docs/examples/data-triple.ecsv
# %ECSV 1.0
# ---
# datatype:
# - {name: bjd, datatype: float64}
# - {name: rv, unit: km / s, datatype: float64}
# - {name: rv_err, unit: km / s, datatype: float64}
# meta: !!omap
# - __serialized_columns__:
#     rv:
#       __class__: astropy.units.quantity.Quantity
#       unit: !astropy.units.Unit {unit: km / s}
#       value: !astropy.table.SerializedColumn {name: rv}
#     rv_err:
#       __class__: astropy.units.quantity.Quantity
#       unit: !astropy.units.Unit {unit: km / s}
#       value: !astropy.table.SerializedColumn {name: rv_err}
# schema: astropy-2.0
bjd rv rv_err
2458499.9378344314 39.27095201189804 2.008993781154447
2458500.9692732077 38.905226908145536 0.1656822971288193
2458501.7584133083 38.58976817820663 0.8719830933655139
2458502.3954306515 38.31146505491988 0.24761236240699092
2458504.3471037457 37.31887115133818 0.41825281286097593
2458506.482957222 35.97402027319752 0.506793124220416
2458506.8822173015 35.691608689262694 0.7611942873357234
2458507.0216006897 35.59072661859527 0.6015601071517347
2458507.198626581 35.46090285887812 0.35209422894817444
2458507.377715795 35.32764653257167 0.11499884562518728
2458510.128967821 33.06034467262993 0.15484845891705262
2458510.837018213 32.42466048527617 0.8629516490335437
2458511.520167288 31.801897508448615 0.8110108322490306
2458513.549676771 29.986619236276628 1.0055607774143827
2458517.3322867523 27.730452849297215 0.13199744964204602
2458520.7528358875 28.356606585429397 0.2369709084395939
2458521.5853484576 28.905389893808568 0.22506374732093037
2458522.8070115624 29.908838492116473 1.6670426945676025
2458525.316756085 32.383599727099316 1.3794384334836447
2458526.4185919776 33.52160585136826 1.3411034225878844
2458527.576654805 34.69485667256363 2.8698173476737803
2458528.111970773 35.221995595788 2.364704841833626
2458529.8390300074 36.83353391584241 0.9249374796599684
2458530.604024408 37.49811380269765 0.5797835892283674
2458531.771079307 38.45001802512342 1.6845389508832564
2458531.9641530444 38.60023174103681 0.6675655129694912
2458532.6917056805 39.14787066442538 1.4171901284667194
2458534.0926596513 40.12210351471556 0.1863187081001272
2458534.149900518 40.15971817043575 0.5881775840787171
2458537.076265389 41.8682604566477 0.5313839173251673
2458537.191489296 41.92736839651852 0.53330536067345
2458537.8113832935 42.23542071367206 0.6015267565751019
2458537.9657686786 42.309574416528875 0.833653309215884
2458538.381849783 42.504433875421874 0.809332893418062
2458540.743097261 43.479060104254174 2.684593000883861
2458540.779631013 43.492466412306726 0.21346298137036643
2458540.9921093797 43.56946644358828 0.1643903127786134
2458541.5790782217 43.77367420369404 1.242025039313169
2458542.337274912 44.01935711601211 0.23185696592260163
2458544.2187311375 44.54424679873317 0.2634840517494057
2458544.2979028192 44.56375854820217 0.1858451223697014
2458546.274845702 44.98556969952759 0.520345394246201
2458549.374411684 45.39837994751127 0.41137440309835466
2458549.814878059 45.432428152189715 2.9023568719989417
2458552.4403351406 45.50430851610034 1.0298554929276607
2458552.8901611604 45.49337237379289 0.7538916413235267
2458553.2193882978 45.48089048481036 0.7345379013621794
2458554.0071165985 45.43533796137379 0.2676117067532668
2458558.3401405653 44.75232816725106 2.1417909484327398
2458562.891887693 43.08684507684092 0.1494630022235265
2458563.541054481 42.755027316771574 1.2686219946097248
2458564.9075494427 41.9725591808546 0.15346859084547762
2458564.928980646 41.959370259512724 0.5592235852758531
2458565.095073066 41.85619404716051 0.21115268862687603
2458565.688085095 41.4739696739038 0.6772268687009975
2458566.0026242025 41.26253370013991 0.19696542931955294
2458566.6836572993 40.78457413993894 0.567941231847918
2458566.9534362047 40.58784464709728 0.11134317071026828
2458567.2519966373 40.36544076496666 0.23450551289578472
2458568.8843326373 39.07308678933667 1.2679214911098027
2458569.1489504385 38.85375277616936 0.601913981921152
2458572.329534809 36.21173926249404 0.5529717086305411
2458572.570175387 36.0284082814722 0.9010168031111891
2458574.529938415 34.79182836715995 0.6135955943459428
2458576.3368066563 34.268094658714325 0.24808496921970213
2458577.629907819 34.37019594958477 2.162504002612899
2458579.7197366427 35.384933149916904 0.29494605843239186
2458581.5050042775 36.90217225559773 0.10649917303969393
2458581.645047653 37.03853902270831 0.19242158077910812
2458583.464109813 38.93834279116882 0.41077765230150565
2458584.8743430697 40.47931957611981 0.10342867478137877
2458585.028750741 40.647497465210755 0.6585010412587005
2458586.284440072 41.99341633583779 2.691003276398369
2458588.510278856 44.222327918431176 0.6911252459055384
2458588.8714121594 44.56018747388262 0.20445643434195737
2458590.686624103 46.14884315910825 0.12481417193686359
2458591.2123410488 46.57461744631364 0.646928264384951
2458593.324573916 48.13454310733766 1.0670210343371629
2458594.55418422 48.93694581970476 0.9169355360938037
2458595.2096541026 49.33485730180399 0.7099480541576314
2458597.9311756245 50.782035043091646 0.35633010229856604
2458599.21105146 51.35708934357496 0.3824200103253299
2458599.362912797 51.42113386701152 1.9660505419962635
2458599.3691206276 51.42373340015946 0.11817040965459912
2458601.3267903854 52.17307408837451 0.2806982788181881
2458601.820179267 52.34043924569571 0.2696919904679525
2458602.378518043 52.51974234668921 2.965305715722433
2458602.418392197 52.53214159203575 0.5657940772185184
2458603.1252326258 52.74305977311161 0.1869923501466016
2458603.6775187505 52.89627218476309 1.8704068765384905
2458604.7535473574 53.16599684269958 0.3635965516504767
2458605.4055640083 53.31111057998499 0.37806094277072727
2458605.5064679473 53.33233887721423 0.32043128702765633
2458606.804172129 53.57605185311195 0.1680286493949399
2458610.9708635164 53.985206282534634 0.4676711206528206
2458611.442485392 53.99424778316905 0.6665269648369389
2458612.772249151 53.976288272610276 0.4778097074368812
2458615.2129865023 53.76552059290574 0.37322387857426087
2458616.1065599713 53.62610565486507 0.22107594552171897
2458616.1234581396 53.62312762929413 1.941127954493647
2458616.7172652204 53.51019132590237 1.9703697920300995
2458618.124941107 53.17545744686515 0.6983562943302118
2458618.1636914215 53.164855278618425 1.1621134834401563
2458618.8948865323 52.95025277461696 2.3252508438342883
2458621.505436317 51.94386557878739 0.1740553827604509
2458622.778854552 51.30623939362937 0.15524876274805874
2458623.504578622 50.89754943210869 0.19838662433170084
2458623.8274050197 50.70508491852998 0.7710030355925556
2458624.726844928 50.13447912127092 0.12882916182707782
2458624.747714525 50.12064657847945 1.2610812653977455
2458625.0811663736 49.896060587964335 0.11881032415917035
2458625.727949624 49.44177073981686 0.10926440925322338
2458625.750768838 49.42530745015015 2.814774096334648
2458626.2666229447 49.04561865817122 0.3387750144223217
2458626.8865343016 48.571589907543625 0.6903676490827431
2458628.7452242393 47.06665742467966 0.5301252929504008
2458630.565770755 45.58188595792236 0.9349881368331905
2458632.386068454 44.30407143026684 2.5897471729215384
2458632.5898929387 44.18597899531268 0.6849572956422009
2458632.885712266 44.026340397968795 0.30478015513583656
2458633.310771851 43.82356390129793 0.11500762846362844
2458636.204892672 43.490478248046536 0.9274511988886456
2458636.5858795308 43.59827891155396 0.42734431889235736
2458638.3316617925 44.520430881405986 2.7105359603686727
2458639.529264593 45.491083457417005 0.754754453749501
2458640.26416489 46.18419973584501 0.8934213550153699
2458640.5170123368 46.435510308659644 0.9163919100922346
2458642.1516529405 48.15979077789956 0.6523657807975388
2458642.9835628923 49.06834622883927 0.381948429960075
2458644.656136076 50.8744779163271 0.49149827839621346
2458645.860685533 52.11786921698911 1.0575560634685441
2458646.765329834 53.00606430926976 0.22817179377296543
2458647.0520731797 53.27850384104737 0.18784970866476805
2458647.311964013 53.52150228407862 2.233010518546652
2458647.7607401083 53.932162487214725 1.0573472609219101
2458648.8550824937 54.88521611535428 2.0274456541043606
2458650.24250251 55.99458035902931 0.3556114120365529
2458653.142561982 57.97133225641478 0.7308032542442472
2458654.09818496 58.5283593114394 0.8062206052435784
2458655.5536454944 59.29433748673622 2.197499480694631
2458655.8205519086 59.42448276921596 2.070848876973854
2458657.3739412334 60.12170482370309 0.24569986602104002
2458658.632426726 60.61460047558075 2.836896735596055
2458659.090205151 60.77862967681524 0.3616984237835981
2458661.669310214 61.55796431097721 0.8213046317254442
2458661.970445023 61.633422588268786 3.089209874901623
2458664.806589622 62.19031116830443 0.40810137954600356
2458665.6271729697 62.30010416481221 0.9179403453049487
2458666.7130005476 62.40992316530879 3.0370889252899156
2458667.0945009952 62.43884519066649 0.8788990418287487
2458668.414699187 62.49957042609802 0.9692333756333517
2458669.439618293 62.5037338006162 1.5213917499704739
2458669.706668256 62.49850094843122 1.520076470108819
2458671.4065454635 62.401856325569554 2.642550444155089
2458672.388480312 62.29416197757793 0.9405234129234002
2458672.603266781 62.26532531556356 0.23801002767908566
2458673.117043802 62.18844636258275 0.12352936959714454
2458676.503348102 61.381899045814876 0.13169739445687073
2458676.5128372447 61.37885303552361 2.7762049656096166
2458676.551107868 61.36652066849459 1.7177511235914709
2458677.4965149644 61.03723519447211 0.7763630302735172
2458678.730654603 60.53311681491909 2.2385006738165316
2458678.8308989312 60.488322460906176 2.0192901243554884
2458679.4450754654 60.20083973631017 0.3462297256643072
2458679.6154656536 60.117056679892606 1.63748735794655
2458681.369863755 59.14914970108262 0.19887485401319488
2458681.8360715983 58.85889751411317 2.9905916267298047
2458682.2526453803 58.587632549086564 0.2979743145364124
2458682.566988757 58.3754964990636 0.26265516981018255
2458683.389570199 57.79035637973418 0.1877042235803976
2458684.0216642665 57.31190740203514 0.68079594428688
2458684.6012278446 56.85229414456734 2.2490926077881914
2458685.404821025 56.18467841336024 0.6782833719614333
2458686.1590582514 55.530611951276704 0.11441318503569375
2458687.236644577 54.56401285548261 0.1202290837878777
2458688.3125864435 53.58723119691425 0.5989857671825178
2458688.7479626173 53.19727469852279 2.1622996448879914
2458692.156780839 50.70045698260901 0.7499317643580609
2458692.766937284 50.44332867928449 1.317165408773449
2458694.578975429 50.18504924873144 1.7992982737596763
2458698.192402917 51.92237393226535 0.15750622213241686
2458700.739077453 54.26025074050314 0.43997779817577526
2458702.640045006 56.13536285624437 0.10132625189275672
2458702.750355968 56.24253084806052 0.4248660289420663
2458703.763920462 57.20776000046136 1.939474694854101
2458704.937250477 58.269067900188396 1.517756693761716
2458706.522387948 59.58589983442704 0.3175037316942859
2458707.07824788 60.01332272409348 1.1730716922155056
2458707.2687107017 60.1555916801993 1.171679106892128
2458707.4134367574 60.262266561256396 0.5459351873809183
2458709.6955002095 61.78290755044503 0.14315469172410467
2458709.8298823065 61.863185317587316 2.4505431089785272
2458709.9109045127 61.911102421088714 0.7225544906979365
2458712.4037619983 63.21416105039218 0.1851887531382049
2458714.0357477074 63.899103808314834 1.0253505365488276
2458714.1081865425 63.926630467889844 1.4340750097726003
2458714.9326952337 64.22341616881728 0.14695182580066382
2458715.1750054606 64.30496375882839 0.4339947154843559
2458715.460098795 64.3976788289605 2.6575457196324073
2458715.874209366 64.52621794575438 0.7604611975490089
2458716.6701493477 64.75331501122014 1.5039738599352945
2458717.8839150737 65.0507230650785 0.16872360448870846
2458719.5715264576 65.37038484552342 0.251555401818196
2458721.404752437 65.59947038666985 2.7841718888755898
2458722.1256263372 65.65683890228918 0.1321843407272699
2458722.914182628 65.69875041480168 2.1935827170715214
2458723.9346860894 65.72081787794625 0.12454863070390058
2458727.3881316422 65.52413328807614 0.7791749863733198
2458727.7514479174 65.47853044347258 0.10488140473186187
2458728.7121236105 65.33422925132774 2.2568308820215646
2458729.6546154763 65.15837832871618 0.6339568803573913
2458730.4394241096 64.98517066444504 0.6397449242511021
2458730.8583014337 64.8824684354183 0.3826116012403758
2458730.9040930658 64.87080027769514 1.1115237695142635
2458731.3492399245 64.75278225759864 1.0016359084104673
2458731.4729332016 64.718496336033 0.7989482887516248
2458731.4767028 64.71744117726163 0.49235387654801294
2458732.3724768804 64.44916633235908 0.19242435066240274
2458732.4368653228 64.42851537410397 0.740061206957491
2458733.0372002055 64.22690834005893 2.5619480682318465
2458735.0447353334 63.42790019559027 0.28093673072808095
2458735.1149851214 63.396284934649195 0.49058533955576455
2458736.9458670467 62.47858714381885 0.12199658149974707
2458737.321895205 62.266823170852795 0.13426204604656036
2458744.1668420266 56.88022990906639 0.1991438233507365
2458745.6398492367 55.382570009157796 0.8815480413816492
2458746.5032714573 54.48390721500969 0.2562568428523935
2458747.2674526228 53.693273319609254 2.6590371437428058
2458748.8496229746 52.144735609287125 0.4210195419775625
2458749.366416382 51.68773471529042 0.8636344673643035
2458751.1829068772 50.405802434365896 0.7051134936322967
2458752.3958529127 49.92465633101371 0.5565755855433756
2458753.8998918934 49.82428099707334 0.3976748337679327
2458754.6547187455 49.980599802675556 0.4668878931605293
2458758.343388597 52.2197607079346 3.1190703851192163
2458759.917944817 53.55556269202489 0.1374402713875284
2458761.831231671 55.188970002124194 2.8133214222625758
2458768.464569113 59.56778428962323 0.2399620581758453
2458768.5819420405 59.62305180133763 1.5742454045673095
2458770.5460998467 60.43999007877256 0.222025120934236
2458773.8488958 61.39278916733374 0.38650757698972943
2458775.5640330412 61.70228135725388 1.1716209888640634
2458775.840023363 61.741202345405426 2.4363732030264633
2458775.953186657 61.756314526903985 0.4512904637746437
2458777.14573308 61.88623730525506 0.8212354027300535
2458778.786889266 61.980288848295224 0.3320340189700579
2458781.52885256 61.928556538235156 0.20614510231981653
2458784.2688611285 61.62309389629946 2.5734677832368176
2458784.2977270763 61.61852412910628 2.561962764459666
2458784.6890452486 61.55376133191606 2.9110683687157026
2458785.3168836124 61.43883907316145 2.933140518166558
2458787.002880427 61.06169698446499 2.2614800578616503
2458789.7109172232 60.23564902008887 0.6935105563455366
2458790.334076077 60.00451648154234 0.29092972750062335
2458790.966275479 59.753344499423214 0.38669416300752857
2458792.346680061 59.14374076053919 0.2747534829925239
2458792.9836372067 58.83275639561857 0.2995300205518705
