docs/examples/data.ecsv
# %ECSV 0.9
# ---
# datatype:
# - {name: bjd, datatype: float64}
# - {name: rv, unit: km / s, datatype: float64}
# - {name: rv_err, unit: km / s, datatype: float64}
# meta: !!omap
# - __serialized_columns__:
#     rv:
#       __class__: astropy.units.quantity.Quantity
#       unit: !astropy.units.Unit {unit: km / s}
#       value: !astropy.table.SerializedColumn {name: rv}
#     rv_err:
#       __class__: astropy.units.quantity.Quantity
#       unit: !astropy.units.Unit {unit: km / s}
#       value: !astropy.table.SerializedColumn {name: rv_err}
# schema: astropy-2.0
bjd rv rv_err
2458500.2394509446 -30.438727324834776 1.487315452607967
2458500.3083098205 -30.33258932639268 2.7224203521088195
2458500.5221252404 -30.00659645453306 0.5178803438443282
2458500.8577855513 -29.5064259864877 0.2215868930477203
2458501.7937148884 -28.196120356593443 1.2021204371354188
2458501.96285362 -27.97387188938082 0.36462903545089037
2458502.5604345095 -27.22753293212991 0.4237804477659354
2458503.1183637413 -26.58828513355582 0.16511136674726887
2458503.2833081284 -26.410393087454235 1.361045230871783
2458504.1819313653 -25.533389949240124 1.2922875581147066
2458504.6244108165 -25.1600612678651 0.2578835289312829
2458504.9979751846 -24.87539292798587 1.4035551751765631
2458505.5793374795 -24.488145565157843 2.56374768561279
2458506.2450219765 -24.12779800131933 1.1759437345279293
2458506.427903291 -24.044188898822213 0.23519767348864193
2458507.179739818 -23.768974805876233 1.6977249985350487
2458508.1672977693 -23.570154465477437 0.5153392696137614
2458508.9858799055 -23.5386513870092 1.0727723302660006
2458509.209149361 -23.550068800713355 0.11109746475250759
2458510.5537903435 -23.788892506283027 1.1536491686335228
2458510.6294461936 -23.810584493652136 0.2174226307805648
2458510.9926697547 -23.926296241897298 0.3871960822963975
2458512.063240278 -24.37316835301353 0.7557507299514452
2458512.7140310565 -24.71645758475143 1.867673333935763
2458512.982758336 -24.872848780095005 0.5297505612880882
2458513.4033573964 -25.133899182288854 0.30760981071380505
2458513.4888827656 -25.189334661128903 1.222568661517847
2458514.012460376 -25.54530039681527 0.6434035099581704
2458514.08656545 -25.597919827181 0.12237812459242427
2458514.6546555622 -26.01879935231122 0.3980613555315956
2458515.6145558073 -26.795308782708492 0.6823892102539313
2458515.9375931197 -27.07350655388274 0.119407083518373
2458516.449189818 -27.52994691228932 0.1032712391334192
2458516.807370393 -27.86036021812604 0.34606795220051695
2458517.3643597844 -28.390547690411093 1.7655979281594163
2458517.40489782 -28.429870512266916 0.5287882653276079
2458517.72978469 -28.748423896735428 0.24762541071270072
2458520.0447573843 -31.16500946660327 0.29962067025857203
2458520.3397476054 -31.4876225815949 0.14768297154985469
2458520.553615494 -31.723088016296302 0.30297428110117436
2458521.147306138 -32.382808507962714 0.2898373582280255
2458522.80692411 -34.259786963468876 1.33469003140925
2458523.526642655 -35.08073129778333 0.23653841287661417
2458523.588429624 -35.15121734965151 0.8384718452029403
2458523.6493480327 -35.22070382067069 0.12019382394496632
2458524.82517717 -36.5571308581343 1.1305343663374459
2458524.9793885257 -36.73125897288416 0.14500377611644014
2458525.5538895205 -37.37627410139355 2.9414314591048
2458525.964209486 -37.83260239109468 2.026759997159825
2458526.669089189 -38.605685300155955 0.3653848248421748
2458526.905262201 -38.86109726580696 0.2570943342344432
2458527.1220578905 -39.0937436944038 0.1621456881340954
2458527.3708671606 -39.358453282976235 1.894254700226966
2458527.3785746833 -39.366612440414016 0.1787057465081446
2458528.675349894 -40.69909162023751 0.2754102800544483
2458528.7859758516 -40.808600362957854 0.1274722554955464
2458529.1945866127 -41.20658793561276 0.12939572260797763
2458529.3378416942 -41.34358179288973 0.31740647776285663
2458531.2315599783 -43.008841822324555 0.9449295200771868
2458532.692174709 -44.06561188629963 1.673633128011539
2458533.015361759 -44.26706502065632 0.14680065234144563
2458533.348262628 -44.461023676173035 0.15868130123344565
2458533.5634796377 -44.578806232936635 3.033863454010787
2458533.6925157276 -44.64647275827195 1.5745566465533545
2458534.9560964936 -45.18403035781317 1.9199409005644663
2458535.0141784586 -45.202963069610675 0.15524562437692807
2458535.301906525 -45.28880564281059 0.47326571971433223
2458535.644366872 -45.37332052192753 1.3681540926749902
2458535.6747165066 -45.37986375817274 2.4419946922804834
2458535.9639435383 -45.434317031001285 0.12895738682369823
2458536.7567854775 -45.50767146048833 0.15286986227445165
2458537.1290999255 -45.5021013939177 0.41490421208690137
2458538.0500424337 -45.37258451626928 0.5230814028332335
2458538.1753929984 -45.34181979184608 0.15732327162939855
2458539.1356673352 -44.99809708924944 0.10142173744724615
2458540.0547157563 -44.486083361727054 0.12698240807111774
2458541.1458269153 -43.64305709414698 0.466297955185382
2458541.4636909403 -43.34998652626578 0.19886052725234843
2458541.4879351757 -43.326769128451325 0.6219600583581532
2458542.0719575016 -42.731114045315735 0.590251001840618
2458542.8062433875 -41.886437286061735 0.5841639917712244
2458543.027186999 -41.61242042957557 1.2456687583898591
2458543.1640736875 -41.438245150916885 0.35909795262966676
2458543.508603883 -40.98544256501461 0.3722166813468861
2458544.469929594 -39.6217498876979 0.38464680491496783
2458544.972904443 -38.856857348152204 0.7350942893117909
2458545.0284549943 -38.77050560035506 2.4318828819345355
2458545.9806801477 -37.24229450404315 0.23469454727050376
2458546.0896434076 -37.06257254197303 0.34842926629217685
2458546.4851092594 -36.4041236901149 0.41354038997457926
2458546.868780848 -35.75813185947324 2.1949314617983062
2458547.030482075 -35.484412005023366 0.1540205297255129
2458547.4456374533 -34.77952693759912 1.85575097278721
2458547.8079042216 -34.164055883551384 1.0727591361703528
2458548.1040118793 -33.66239116151158 1.2171127403451307
2458548.1259926064 -33.62523960138956 0.3600585043973261
2458548.1363644106 -33.60771439978081 0.4377343777225365
2458548.9584735073 -32.23351476103835 0.4867956802893496
2458549.9628203916 -30.619659712666895 0.7138725694194045
2458550.174334138 -30.292551976093396 1.3297543243817698
2458550.4788403264 -29.830957717706102 0.13310617719584542
2458551.6964140614 -28.113127228127496 0.15932964449946338
2458552.8243548977 -26.736533660408412 0.7914212769843654
2458553.0803930014 -26.45613420018238 0.15076251528992074
2458553.8524947497 -25.686616656798616 0.28205948040262185
2458554.2610190585 -25.32677795218676 2.807654117671929
2458554.4634629474 -25.160784121350133 0.18437500144182317
2458554.4735300695 -25.152743685220116 0.31601163154938855
2458554.828724621 -24.882071855913118 1.843832280918181
2458557.062406209 -23.756605021713753 0.2537797131439004
2458557.3072625953 -23.69235384201832 0.3449865474346597
2458557.59762172 -23.630721731431095 0.7130650441936212
2458558.2585645868 -23.547978861794363 0.5253302323546235
2458560.8430452133 -23.929893828623104 0.16727870690749957
2458561.8938828437 -24.36863310924857 1.639318771963295
2458563.343744955 -25.199076004514588 1.8827198705666452
2458563.4085214087 -25.241681043793122 1.0124162199238278
2458563.504682117 -25.305739356920476 0.5907811640831967
2458564.067006962 -25.69914751173963 0.5961776227536891
2458565.294187578 -26.66026852486404 2.9966058027017652
2458567.674168697 -28.852064333131473 0.46202072823906964
2458570.088158181 -31.38722669417057 1.1352519032603836
2458572.66555706 -34.28107217527461 2.022643316504215
2458573.123825527 -34.803734766693246 1.5102878696814437
2458573.31489735 -35.021745511573606 1.084278644656772
2458573.521431203 -35.257345207220155 1.3084513559473512
2458573.831175937 -35.610394640965104 0.7010868211516378
2458574.6368768006 -36.52518624205855 0.19738932100850382
2458574.643146187 -36.53227491519051 0.21650101403861927
2458575.5240676156 -37.52153568739512 0.49823967089276466
2458575.8495142725 -37.88277570143262 0.1640087562169159
2458576.050731494 -38.10471745426305 0.1706721826784701
2458576.370910372 -38.455402721991184 0.12496361996744655
2458577.0521503147 -39.18993154517266 0.5136046096616063
2458577.243146913 -39.392654031884256 0.46232256096467456
2458577.6415886916 -39.81044370542689 2.4982332709927255
2458577.9441574384 -40.12270725509735 2.1209629507030425
2458578.675929624 -40.85785347386065 0.5916729444987828
2458579.59160512 -41.73140280772626 1.3199093778940951
2458580.125025907 -42.212729613802026 0.4283381480380502
2458580.6264918162 -42.64432499849291 1.2641345685096623
2458581.226693911 -43.13159560885376 1.2794778609553459
2458581.529248868 -43.36413774313216 1.005795833870797
2458582.4961971967 -44.042437865653675 0.1456325522721767
2458582.7354964023 -44.19385684958421 0.8529231989669116
2458583.4047376416 -44.57950007751041 0.12000900224171941
2458584.456072523 -45.062664764154064 2.6671012927828324
2458584.7181160776 -45.157791865644526 0.5700146672316987
2458585.741237871 -45.42374339803339 0.5947596778635611
2458587.832880099 -45.385541844312314 1.3835917025833182
2458588.060393373 -45.32998002580407 2.786228531135179
2458588.8805711595 -45.040756809123806 3.0801035977503295
2458589.3612824683 -44.80527471462073 0.816073635788873
2458590.155838226 -44.3074955135782 0.9873618919081673
2458590.3226713375 -44.185745032152916 0.1483867355113169
2458590.6246240367 -43.950232312123134 0.7084704433840607
2458590.9668093435 -43.65988117622756 0.21765887014117874
2458591.4384446526 -43.219357513448955 0.1104038036230562
2458592.6780989687 -41.84742575154321 0.38345004820033113
2458593.850409391 -40.29093296163732 0.19239388553837522
2458594.0249296715 -40.04032319726865 0.5749422427160403
2458594.14389167 -39.86695984739958 0.16065540526742955
2458594.1890914124 -39.80056616772115 0.9398444862781606
2458594.207924076 -39.77281909946798 0.8608776395791163
2458594.6386460424 -39.125337569291624 0.3100493031399377
2458594.8101543193 -38.86105517117305 0.44784433573460475
2458595.479132357 -37.79980810843993 0.5061729027443596
2458595.94879584 -37.03082725681966 0.47188990783290513
2458595.993577863 -36.95667710768562 0.35665124649626845
2458596.615670707 -35.915331741106804 1.8660785179796942
2458596.9638068615 -35.326088868730686 1.5024065040060424
2458597.808838267 -33.891080385964536 0.3502178041336954
2458598.163372867 -33.292276966673654 0.18515378233050744
2458598.542889932 -32.65686928369173 1.3476257227030728
2458598.689342366 -32.413736045223075 0.27219155933961353
2458599.9802637813 -30.34482813725593 1.3620285168620219
2458600.791979414 -29.137624433446284 1.4451617530764216
2458601.7890772936 -27.78545841998107 2.527698922833892
2458602.7915649037 -26.595631803180062 2.9494097069858674
2458602.934724138 -26.44075804009999 1.1287947838202597
2458603.5529288435 -25.817077295960505 0.3800644943876093
2458604.597947475 -24.933952909283505 0.1258780144623161
2458605.171862297 -24.542020876611577 0.1111477625983466
2458605.35356392 -24.431716702511473 0.7111060674316847
2458605.967588733 -24.107708046399352 2.068572272479506
2458606.1269120052 -24.03583784273912 2.374683010015951
2458607.5035905032 -23.618889124588403 2.745120352981102
2458608.0274428814 -23.553110180740852 0.13388966957937368
2458608.3654579287 -23.536645266574016 0.19737200364130017
2458608.4837011476 -23.535587824865985 1.3859273998808375
2458608.5732650897 -23.536387427308696 2.1059145266467145
2458611.097942015 -24.085447770739894 1.1362147486621605
2458612.452552186 -24.749857000117004 0.112976828811903
2458613.235125744 -25.23286307851253 1.4117651306148216
2458613.3599100504 -25.316001310268945 0.2606873426741593
2458614.7575567053 -26.351328191442015 0.1876475507668478
2458614.8028861554 -26.387886832725687 0.1469704194782972
2458614.9485816984 -26.50656672403244 0.6303431435212371
2458615.380403169 -26.868528863002364 0.26689441002307807
2458616.0895344233 -27.49398046294101 0.1957594906093202
2458616.8820518693 -28.234165266227457 0.57944035090203
2458618.3227269817 -29.673515790284924 0.23208857457949195
2458619.4270324837 -30.84227692310964 0.14957082121540047
2458619.647588669 -31.08115161690133 1.4568051139305804
2458620.210991244 -31.698216722753926 0.128506530186566
2458620.312698308 -31.81056663088837 0.10863832212737047
2458620.35411061 -31.85638942078276 0.42817499540061543
2458621.4103309894 -33.0379557276573 1.8298949166594998
2458621.673601353 -33.3355740314212 1.0872588118457445
2458621.7921056775 -33.46984087679849 3.11456263588945
2458623.3953688587 -35.29609801471954 0.27953432963091684
2458623.949359664 -35.9270161178043 0.5480553394425433
2458624.3769647824 -36.412193145643194 0.8898446497524558
2458626.4584181793 -38.72426174326566 0.10302605354477475
2458626.7444887203 -39.0322352232995 0.2103802085194392
2458627.024507134 -39.33062262395149 0.34820857328786486
2458628.1789691634 -40.52310689510146 0.34585339275381194
2458628.533756285 -40.87542122138313 3.133139141378709
2458628.993188967 -41.32018743093923 0.2601161866589863
2458629.7833184125 -42.05127466571249 1.1553211328760253
2458630.662310325 -42.80698407720797 2.5684459135829005
2458632.1196911037 -43.89964402851909 0.821211538489619
2458632.138578201 -43.912319095048886 1.6981821162952264
2458632.8613292365 -44.36557116292472 0.5220406099454612
2458632.9379496947 -44.4098489708887 1.4260516241696153
2458633.277113383 -44.59670561319838 1.8089282933455204
2458633.4660989484 -44.694181481006375 0.8675222645381692
2458633.61845372 -44.76920115083972 0.2337015642234032
2458633.6342277676 -44.77678390286918 0.6184936400942356
2458633.834349734 -44.86993454642137 0.8428101761607001
2458634.1130351312 -44.99004357901753 0.37206662539584695
2458635.1818654817 -45.34054454866141 0.8161362763843414
2458635.2864414793 -45.36494484297098 1.2721576998198922
2458635.4441125924 -45.39824509578928 1.3337553499453059
2458636.2730489825 -45.50189023158808 1.9885142613650921
2458637.321160071 -45.45082329195612 2.0357682913780337
2458637.742713891 -45.36959949700236 0.13351479705913988
2458638.2847150955 -45.21192775968228 0.16964452688273793
2458638.4909164174 -45.13591986036381 0.19606674195078716
2458639.456384437 -44.6602145469756 0.24319549954824987
2458639.542390446 -44.60816712834561 0.9188932528869821
2458639.956403915 -44.33536978156908 0.19598313071508178
2458640.0998895806 -44.23223009409769 0.15674586567825302
2458640.4663806604 -43.948769623953055 0.22862414183379756
2458641.359886489 -43.13857642613051 1.7327162876807485
2458642.1139211403 -42.327592249343375 2.772620770901853
2458643.3876387454 -40.714673057604756 0.3724510322598114
2458643.5629780283 -40.470976286567094 1.2406415789339915
2458643.863820379 -40.041866709009135 0.729445615103702
2458644.016747205 -39.818662319266245 2.1773047106597243
2458644.454811826 -39.16171836004237 0.14696013586314954
2458644.503439336 -39.08728245374361 2.3107333725171317
2458644.783375007 -38.65335799723796 0.44656660020568834
2458644.9670559866 -38.363916275993 0.26662344368978014
2458646.8569721044 -35.23579314240469 0.2809743773769578
2458647.041850806 -34.92177498317377 2.1597204897242306
