docs/examples/data-triple.ecsv
# %ECSV 0.9
# ---
# datatype:
# - {name: bjd, datatype: float64}
# - {name: rv, unit: km / s, datatype: float64}
# - {name: rv_err, unit: km / s, datatype: float64}
# meta: !!omap
# - __serialized_columns__:
#     rv:
#       __class__: astropy.units.quantity.Quantity
#       unit: !astropy.units.Unit {unit: km / s}
#       value: !astropy.table.SerializedColumn {name: rv}
#     rv_err:
#       __class__: astropy.units.quantity.Quantity
#       unit: !astropy.units.Unit {unit: km / s}
#       value: !astropy.table.SerializedColumn {name: rv_err}
# schema: astropy-2.0
bjd rv rv_err
2458503.612160828 -22.324508681900276 0.31323707091705666
2458504.288759537 -22.31007342737817 2.4015722101551136
2458508.4689421696 -21.973871869635154 2.6385951067407736
2458509.1078441883 -21.881378987737655 1.8270305051949391
2458512.455187208 -21.189731091295634 0.17298909044098632
2458512.5205695033 -21.172489362773085 0.426466337709556
2458513.855071807 -20.786679874095615 0.2340800373352152
2458513.9356260975 -20.7612763187307 0.2032472424790053
2458514.5940306024 -20.544356123680515 1.0647282450664792
2458514.9431915656 -20.422520718729402 0.5360033469822124
2458515.706160645 -20.139614102713125 0.3071598645924554
2458516.0100293485 -20.020507603042184 0.1413584236452612
2458516.8432638 -19.674998729849698 0.6563644586442777
2458517.703901631 -19.289202908814133 0.33154137142139245
2458520.6185994716 -17.78375986405196 0.38605013550167133
2458522.675382102 -16.600667905055307 0.29225578245350115
2458524.292267585 -15.686875935876468 0.3808840683882148
2458526.2470058096 -14.750091667286949 0.6820078553310809
2458528.259391672 -14.188350130209322 0.10500638521468743
2458535.0371938706 -16.76121759203325 1.8684027285092824
2458535.3685206673 -17.02407389818189 2.414792356080055
2458537.0946813617 -18.46790376770232 0.6695677625921559
2458537.2121884706 -18.568898505578268 0.25236648287332686
2458537.9143797774 -19.174684179937934 3.0574439229622885
2458539.2242797837 -20.300330691458733 0.37565661863511574
2458540.325221913 -21.224837102040198 1.0976985522961578
2458540.608473315 -21.457880949259838 1.083749277283119
2458541.0482520913 -21.815154730121062 0.4481914805500877
2458541.444778952 -22.132222379944867 0.19894692733076544
2458543.019599318 -23.339419476723965 2.8175333403646374
2458544.8143345146 -24.606632866425915 0.12460523511413413
2458547.4939552597 -26.281739654618935 0.5342248450055186
2458550.0580593958 -27.657616864619307 0.21433646547613786
2458552.6872744905 -28.863035921372024 0.27603312258388923
2458556.009262872 -30.124777310659795 1.7490047272116171
2458556.441650093 -30.26933830332054 0.3555480855107531
2458556.9079395924 -30.420396619365995 0.13335902281927745
2458557.781957716 -30.69024065753127 0.19699876687677742
2458559.441223339 -31.155897726767137 1.9523609627432306
2458559.9006168703 -31.274225404606756 2.9210788153709175
2458560.481566697 -31.41736197395909 0.2523325292881114
2458561.6336207157 -31.67985563458992 1.030655396479224
2458565.721857204 -32.38138538888601 0.13237272103575096
2458567.0089180702 -32.52590167083928 1.2167416870001437
2458567.033040304 -32.52824704281667 0.4213615652071199
2458570.187761605 -32.71385895575985 2.3836356788660447
2458570.4935282273 -32.718470582869806 0.2932947268944625
2458570.5798539417 -32.71932240596381 2.58345259041619
2458571.318565427 -32.7183601274624 0.5686841717109016
2458571.4020020035 -32.71730902533101 0.33368707575816053
2458574.7152899657 -32.509549132340695 0.9343926050656022
2458575.7212724467 -32.37714107414557 0.23692959112878148
2458575.926135496 -32.345888723582455 0.22112884423905904
2458576.55853744 -32.239958969534385 0.19702424272235455
2458576.684243406 -32.217172432226484 2.7532734429173917
2458577.2918283404 -32.09875898724522 0.5487450193583604
2458582.195175674 -30.60207410625334 1.3409804436057031
2458582.744242882 -30.372146742361153 0.5140292375427771
2458583.281542272 -30.135394748744268 0.7608696132773035
2458583.6671277983 -29.958595518466918 0.7519837775338889
2458584.0263417093 -29.788936648090747 2.9500505776335477
2458585.046237342 -29.283530333432697 1.0061197778944102
2458588.767048021 -27.300094794915744 0.22890443510012523
2458589.105668359 -27.1277332890734 0.10538929243505803
2458589.354168208 -27.00446568045034 0.21282527807658685
2458591.4227264198 -26.144651531647384 0.4822580252295984
2458592.3067369494 -25.908570180618504 0.38916207026724275
2458593.7500621686 -25.757131184225273 1.6538242624933763
2458594.174567377 -25.77463627085951 1.5077701200130997
2458595.645963257 -26.065634689735024 0.13603289851563996
2458597.4369085087 -26.876746850221803 2.6792675703695017
2458598.8699194486 -27.81731088737947 0.6182797406426074
2458600.1837829975 -28.83317020799525 0.7845234767023458
2458606.605822148 -34.17071453405726 0.4051213740134734
2458608.477502596 -35.531223215578066 0.9424350586818266
2458609.3658427815 -36.12899996102605 2.0276334876053705
2458609.808043892 -36.4149631350748 1.02542511531201
2458612.3614242 -37.918900220643906 2.851988800374656
2458613.055913925 -38.28611320636321 1.1263759642790292
2458613.122247992 -38.320289159136266 1.7083667284441488
2458617.366116548 -40.2033892051262 0.11683134480315849
2458618.453439196 -40.59688770597917 1.021051789944113
2458620.006656728 -41.10170924250815 0.9596855743217629
2458621.835134461 -41.61394336894855 0.14210817969287406
2458622.654285093 -41.81579707482725 1.8347683677813322
2458625.443522693 -42.37973399971407 0.8341777578983276
2458625.990899258 -42.46843412854872 0.1404404251690137
2458627.284920393 -42.64974516473417 0.7792928257251657
2458628.2232873277 -42.75624885595089 0.5219438353138605
2458628.375961479 -42.77158318829479 0.22384136980279895
2458630.178480381 -42.90999518896432 0.10706170018194336
2458633.8885242166 -42.93815550569747 0.3534686667487464
2458642.9733850965 -41.2627784594629 0.8507003592460876
2458643.650558705 -41.01645965570063 0.3118305783743435
2458644.302731109 -40.760796130038216 0.28898944355132594
2458646.0739675015 -39.97286864460425 1.338695683922853
2458646.532365173 -39.74647464332038 1.3738425763265123
2458647.0877167424 -39.45993384868093 1.19715050542439
2458647.9454927384 -38.99159763744744 0.14183157680173325
2458650.4493655483 -37.467721864332965 0.5946329016004839
2458651.4817491155 -36.79163374458357 0.6865908170184808
2458652.7613129667 -35.94569201904039 1.3098054417002127
2458654.0583337294 -35.11921228717039 2.263427475261429
2458654.5958511345 -34.79846921214723 0.35773241883104473
2458654.608734529 -34.7909986067556 0.4395367660825327
2458655.000079717 -34.569641245398614 1.2564674394130568
2458657.396141508 -33.541219543160715 0.9861764515564586
2458657.5768847433 -33.492820597529 0.6867597777000888
2458659.2269708733 -33.28478927124903 0.33512702252120136
2458660.226859562 -33.37428954754156 0.1963489213659755
2458662.735527715 -34.26295938567475 0.1886735660694853
2458664.8966157725 -35.57612476813537 0.13254853611183035
2458665.715591582 -36.144804245764306 0.13237356794795904
2458665.759089201 -36.17560698426751 1.8565101820036887
2458668.686876593 -38.277014529870264 0.376278257127
2458669.755175399 -39.01497631262607 0.1233415592688953
2458670.541616085 -39.53668647783675 2.211253367505076
2458671.4025228913 -40.083287387395345 0.21622490328773747
2458671.566758646 -40.1844596792539 0.2524565514494414
2458672.0318480395 -40.46537403299813 0.1957702788024132
2458672.7348973732 -40.87400857653208 2.8265169217008133
2458673.0546759656 -41.05340069754421 0.14750615049049876
2458673.3734337906 -41.2281616688405 1.2112808835841737
2458673.6468416844 -41.37482487278665 2.501111854051852
2458674.0443775547 -41.5827469986979 1.004620284823705
2458676.352378186 -42.667011086413964 1.941287750593472
2458677.323757709 -43.06268139093332 0.23103121009820585
2458677.5125319315 -43.13557013416272 1.0253968238604467
2458678.260848859 -43.41201639045758 1.1254002568843369
2458679.8250451116 -43.92772174707962 0.4869661448776247
2458680.3638178655 -44.08669495960345 2.0221735751242114
2458681.3127946807 -44.34449929507437 1.100472388325125
2458681.8109580115 -44.46882232860545 2.1994631324898988
2458682.9296808974 -44.721385073828024 1.3483620786262231
2458685.9104302996 -45.22491865792522 0.6031643045912969
2458685.9222712936 -45.22645124722658 0.5597992651016381
2458687.1867716447 -45.36972021255381 0.4792823544645067
2458692.7919722744 -45.538598986270756 0.10776315412309546
2458693.1146682864 -45.52568055250173 0.6349099015269496
2458693.668968745 -45.49772243085855 0.430982712899315
2458694.251051538 -45.46047269490542 0.17230599743692382
2458695.9420297747 -45.305746890200254 0.1508705757113136
2458696.744722351 -45.20757301569465 0.472093278857735
2458699.3650477505 -44.77098782021342 0.11478088799604418
2458701.449452267 -44.2881291466347 3.0190467188336614
2458702.851585097 -43.889686511942315 0.3691317460382585
2458703.7427518796 -43.60346749166387 0.37425170660868334
2458704.463884053 -43.35214275710665 0.1193134629411513
2458704.5728849606 -43.3125753870063 0.43652437673371
2458705.4854968223 -42.9645483823327 0.10558887336386587
2458705.7489278596 -42.858404007518104 0.11095335782705237
2458706.0536246365 -42.73237949904418 0.32258847670321067
2458706.7054597065 -42.45083335285595 1.7039365611498714
2458713.0006143274 -38.825926635696284 0.48778857035191764
2458713.0159347192 -38.815085093389875 0.10525939483453893
2458713.2522412525 -38.64674480417254 0.17572358202723498
2458713.860346437 -38.204293497195366 1.287905752276719
2458715.641933708 -36.84525976428074 1.2806799362710466
2458715.897981271 -36.64456182949678 1.3545166867012122
2458716.323962674 -36.30924176731229 0.3369023685735577
2458716.326292074 -36.30740506062059 0.33761009221413424
2458716.6821257286 -36.02672798556611 1.5962962762889703
2458717.4587521115 -35.41657609893295 0.3955549541547374
2458718.064877958 -34.94784822607587 1.2324988070502227
2458718.1780717983 -34.86151376159779 0.744191171045192
2458719.1918410473 -34.11374465380179 0.35197556874180036
2458719.691751548 -33.7676069350279 0.13182864251095391
2458720.6794858547 -33.14559867070667 0.14934409817870464
2458724.856503006 -31.942435221683375 2.159424801123285
2458725.131554269 -31.960524455398016 0.476991637357985
2458728.179439288 -32.87227877684036 3.0974678576046273
2458729.3526593065 -33.47825522854407 0.35143533283796624
2458730.4580269787 -34.1170322802427 0.23709994705812482
2458732.4702326455 -35.34274664026781 0.335589975728253
2458733.2769193305 -35.829889763950774 0.3270612900606396
2458735.112486041 -36.88386865649125 0.9037225049715736
2458735.4530501403 -37.068298237753744 0.1044976070790411
2458735.631189582 -37.16318895134604 1.3960563741975003
2458738.7648467096 -38.639373201835326 0.42132956775702757
2458738.776880695 -38.64431384061514 0.44499874944011175
2458740.733011196 -39.37382766243355 0.5268324565695933
2458740.81953171 -39.40277463942421 0.4718659864539817
2458745.325176291 -40.55211824622678 0.5574505503911307
2458746.4318552995 -40.73566713068358 0.3302603718401687
2458747.610486341 -40.892591634880475 0.478651258731835
2458747.6514772084 -40.897357532078146 0.4045544694254969
2458747.960699804 -40.93184360383714 0.5989134647216428
2458748.150116839 -40.95169874858129 0.8608027133760401
2458748.4366199244 -40.979917000504 0.22991161431188228
2458749.439265681 -41.061799919694685 0.5789695498996369
2458750.9308712617 -41.13663668622365 0.7797095953484733
2458750.93303088 -41.13670540771948 0.10602846446771638
2458752.3220254933 -41.1578085179841 0.6035880153620445
2458752.7135394686 -41.155545202684095 0.22852823689230714
2458753.9965812312 -41.123345678504 0.40439690388500366
2458754.3939862964 -41.10575372156505 1.7369817023265894
2458755.6490941476 -41.02679316664036 0.30856978303294585
2458759.985115506 -40.48094914014214 0.5306710373681658
2458760.940299341 -40.30261712558806 0.10892102772870339
2458761.6285758694 -40.160601792140106 0.2904867430341034
2458762.7748984927 -39.898258488983956 0.9111327128939335
2458763.605010475 -39.687530120142185 0.2969905713377271
2458764.1075087786 -39.55123381726347 0.20356178912352996
2458765.1519455733 -39.24617240070705 0.2728874228298037
2458765.6981438873 -39.074566986135906 2.7012666712743596
2458766.6680652704 -38.74858042473522 0.1349592740108959
2458767.8924175226 -38.29646750952687 0.4954919981921733
2458771.3066037777 -36.77205854556416 0.12234334643127814
2458773.793213375 -35.38715319454861 0.6426690152325051
2458773.8079576707 -35.378192394049734 0.1655974349709389
2458776.618231121 -33.50345921392856 0.8935671774392879
2458777.7259543743 -32.67529566135773 0.2492276335027448
2458779.122103456 -31.56862291523133 1.087359325318835
2458779.326074079 -31.401975416013244 0.33167985088595187
2458781.2596146255 -29.78390967098172 0.10145015920646692
2458781.749137512 -29.370678122982003 0.2769121831185849
2458782.386615184 -28.83701631248073 0.1326910585090843
2458785.122379504 -26.75073112365608 0.5527890700051041
2458786.7684566057 -25.825646606819756 0.27122836312276416
2458786.869168886 -25.78076952750843 0.9119852265289482
2458787.171088141 -25.655290018534956 0.5622169323285029
2458787.9595494578 -25.39455198667785 0.11325758030546185
2458788.433289183 -25.286438956707116 0.3005736123960201
2458789.5316465744 -25.17941702310946 0.5414879370468133
2458790.3968841997 -25.233306492840494 0.721615351750489
2458793.9788150857 -26.47642623957755 0.1436504334911344
2458794.2892980743 -26.63621296367911 0.9439672684617538
2458794.50888365 -26.75202079013106 0.32775288001013186
2458796.036352131 -27.59963745999689 0.18809703117613935
2458796.3320517037 -27.768233223972896 1.6143215057783606
2458797.5654272432 -28.469904008640178 0.12674623874753876
2458799.671880239 -29.60919136784827 2.481160051025848
2458804.9595536785 -31.817023437810573 1.1465664779390876
2458806.5020160954 -32.26629409143082 0.5168761943654387
2458808.227589723 -32.671930373713636 0.10393009573266455
2458808.6718652793 -32.76067749215213 0.38475827286484265
2458808.8122932366 -32.78744028202896 0.9304598125819722
2458809.188478952 -32.85613002817484 1.9425385538349036
2458809.3368728342 -32.882035575521535 0.8445901091377597
2458809.929039667 -32.97882362120417 0.394967291564166
2458811.6825148845 -33.20600182612418 0.46885557035403336
2458811.719331944 -33.209854072846326 2.0414699438681243
2458812.2178361905 -33.25842407620127 0.33653943731133124
2458812.9190671374 -33.31562845561603 0.12523807914030435
2458814.0922082076 -33.38320022773307 0.46132695968777554
2458816.0157471914 -33.421282847207664 3.1454927535587323
2458816.493002474 -33.417278732717165 0.3712438723251644
2458816.5171688553 -33.41693694334003 0.1947969151619518
2458817.7874348015 -33.38036610253006 0.11686789048110521
2458819.180565494 -33.298993276213366 0.18049007437838585
2458820.942168568 -33.13546969768391 0.3062644627331518
2458821.4288807525 -33.078435869890946 0.7268043253179529
2458821.9158810964 -33.016229651832134 0.9962827793246991
2458823.14747023 -32.83587033444237 0.11593868929427822
2458825.306182036 -32.43871275982655 2.53670610898969
2458825.685044518 -32.35810718594006 0.22566152424835412
2458825.7107022484 -32.352528138052335 0.1673373979341484
