docs/examples/data-triple.ecsv
# %ECSV 0.9
# ---
# datatype:
# - {name: bjd, datatype: float64}
# - {name: rv, unit: km / s, datatype: float64}
# - {name: rv_err, unit: km / s, datatype: float64}
# meta: !!omap
# - __serialized_columns__:
#     rv:
#       __class__: astropy.units.quantity.Quantity
#       unit: !astropy.units.Unit {unit: km / s}
#       value: !astropy.table.SerializedColumn {name: rv}
#     rv_err:
#       __class__: astropy.units.quantity.Quantity
#       unit: !astropy.units.Unit {unit: km / s}
#       value: !astropy.table.SerializedColumn {name: rv_err}
# schema: astropy-2.0
bjd rv rv_err
2458490.51771433 31.298683483953273 0.18723911304608915
2458495.1549340603 33.60113953665135 2.305026071842645
2458496.9169370052 34.891651041213905 0.7500456422360038
2458499.6943841516 37.48562805124083 0.39927960309391236
2458501.2087313337 39.22319474091102 0.4931836897607419
2458502.213278608 40.51160202098436 2.635876203993077
2458503.0514524495 41.67154789115719 0.16983496445457344
2458503.547697833 42.394692871613216 0.7574339163177772
2458507.040412957 48.17435691770403 0.5738957628800951
2458508.4916967754 50.81318144460884 0.8263829594130871
2458509.990965005 53.515532028633864 0.10645480670865134
2458510.723312053 54.769703519928576 2.033226977455479
2458511.7184631187 56.34145208722069 2.5013670445328717
2458514.704927014 59.49301968520439 0.7042060881172145
2458516.098330408 59.885442361119814 1.1091141239225766
2458516.58463156 59.84837372668206 2.419630619863824
2458518.2301749736 59.10888396173888 1.150424048052533
2458518.798401496 58.660187719663064 0.1693591106307214
2458522.968628021 53.59231918874332 0.7318676320430547
2458524.686953891 51.17478695637358 0.8129663495571761
2458525.7900048825 49.6562296207809 0.43270907839691697
2458526.2386459466 49.05403584487711 1.2725250885006814
2458526.72284404 48.41638036292369 2.520870419364567
2458527.130696823 47.89005845124018 2.445416112362598
2458527.7878663708 47.06436352880996 0.4745249554810036
2458528.7010135073 45.96589270375322 0.14786216769201518
2458528.979584437 45.64255500173879 3.000970998756145
2458530.1469193147 44.349109259656565 1.8127884675501977
2458531.164433469 43.30334819046299 0.15381334672842004
2458531.193650845 43.274441042334004 2.4058182993232657
2458531.3420759463 43.12855369406316 2.0176440131700137
2458531.6079396363 42.87124288492855 0.6001462346955987
2458531.697113155 42.78608615534962 0.7707493259960531
2458533.2452734048 41.39815559960042 0.39673823398788766
2458533.3726280276 41.2914705630517 0.12082100898493618
2458533.996506603 40.78488320063143 0.3182701160376549
2458534.7794470387 40.186123112864244 1.6005902715125135
2458534.9212927963 40.08196388215218 0.1016127100938774
2458535.0808027815 39.966393664841675 0.31640894854736307
2458537.408585743 38.46126604436046 0.3955970463738657
2458538.3153102254 37.962798639251346 0.6398724390708173
2458538.8756319997 37.67817832351281 2.3976369594661557
2458538.9482649895 37.64256830641389 0.3307645759646169
2458539.253204879 37.49624531471112 0.3314589901330438
2458539.732584252 37.27650308524709 1.2771793032572547
2458541.7471376383 36.48639872203278 0.4767897510333206
2458542.695508208 36.18662105013046 0.21722371380091415
2458542.8899459494 36.13072132662101 0.47715477492010056
2458544.3786297687 35.76443545054048 0.1626617837888855
2458545.001145576 35.64328369826288 0.18389947091473693
2458545.457795107 35.56631411376463 0.5591800377978047
2458545.7937499005 35.51610163600742 0.42499926038214386
2458546.9532852056 35.38451411080836 2.356507637201415
2458548.299554724 35.31315762775905 0.349615636927644
2458548.505841055 35.31001155996182 0.7428181819489896
2458549.3478401746 35.31887234789147 0.8879661938529742
2458550.0001599705 35.34996029582171 0.10462649698418242
2458550.1521522086 35.360278070049134 0.9892499979203403
2458551.8244815185 35.55224392986296 0.1849498358950911
2458554.8017761316 36.27060006783257 2.7644292288666863
2458556.3022989915 36.83250454839554 0.16710678800705656
2458557.2637526956 37.269852982352845 0.41873203290466215
2458557.932867923 37.61206394904174 0.1342840719672597
2458558.416257626 37.87944945358113 3.128321487829926
2458563.415019297 41.7747459467402 0.5666208033494899
2458563.6090536164 41.97254159577644 0.7817673455518613
2458564.553193461 42.99036660703142 0.12607086019526542
2458566.1518185628 44.930443025204156 1.3333393783711656
2458567.082416945 46.18833056816298 0.2064706807302878
2458567.8042755746 47.228825601482484 2.22372682054328
2458567.823651029 47.2575186873426 0.20309978362464495
2458568.935469463 48.96819948846152 0.19321088108608683
2458569.3787568454 49.68347298488222 0.11345522509111061
2458569.7425496182 50.283265993700795 0.5106230527006083
2458570.7978383726 52.078653661229694 0.7034961092858538
2458571.0012129294 52.43234312995653 0.12547666266644633
2458571.703813434 53.66658182220341 1.4564360664412634
2458572.743879257 55.50436850712897 0.47855653603906806
2458572.8527779155 55.6956803727244 0.6117660949030792
2458576.3594965506 61.12823280806036 0.45829394610029567
2458578.793548378 63.07864845487131 0.39915777335731967
2458579.3395990157 63.2186092718204 0.6909720763443444
2458579.782370304 63.247840235943414 0.1709465612166894
2458580.992893293 62.95380780456469 0.18745291388007435
2458581.4135088 62.730962139740626 1.9619070668056027
2458582.5406818367 61.86499543330888 2.6252652696590353
2458586.6048610643 56.68456228498774 0.3630479379813945
2458589.902860474 51.870637571896026 0.2547516524328518
2458593.2049740655 47.566063847955704 0.9246967151387242
2458593.2925490383 47.462142818410854 0.4102997540628
2458593.7151184822 46.968542892501475 0.10916402330909264
2458594.9324336266 45.61939915021259 0.17148608913138436
2458595.3323239083 45.19968596623022 1.1856550168616329
2458597.2943814164 43.304695136840735 0.9736119884035125
2458597.8359597684 42.82834425095521 0.10981053027443675
2458599.5823205956 41.42307771707593 0.21525747562669417
2458600.7254827833 40.606459829140036 0.22213254626946974
2458600.7346363394 40.60023789034824 1.0182141202631645
2458601.5506634223 40.06525994822945 0.10704485707377719
2458601.7460399326 39.9428765312158 0.1432725111838452
2458602.2941952622 39.61103953161413 1.5844339080755707
2458604.0506617846 38.658744715667765 0.18527507301144872
2458604.7093540984 38.34379233122915 0.9530576282307435
2458604.922255389 38.24677782630894 0.22765341609062478
2458606.2778443187 37.68278021945807 0.1409814877040524
2458606.6564709814 37.541580886475145 0.23161052259787474
2458608.137028999 37.05646439835655 1.211714759117759
2458608.6339078248 36.91730740412346 1.9210766890096982
2458610.697454794 36.46517605269129 1.7592590623258944
2458610.8057707744 36.447035772237385 0.39425326119755083
2458612.9122737115 36.20609079972738 1.0049112422920694
2458615.575372325 36.2145938157563 0.2029908411165773
2458615.6394762504 36.21928409678432 0.2752463669996045
2458616.945922154 36.36297488049205 2.2105672306981154
2458617.183290848 36.39914251435436 0.10459306391542565
2458617.364482453 36.42888430444282 0.13435777286010908
2458619.1586023676 36.826661293997475 0.2050356515862243
2458621.362953849 37.591897770579465 0.10959690901236523
2458621.823366595 37.79359410075462 0.187134194709376
2458626.1579752904 40.51364243774816 0.7491388870610685
2458628.142064719 42.328210832383796 0.428683557273116
2458629.996158582 44.39492449624055 2.1827679413885424
2458630.5254056985 45.05334353587668 1.6833148030009004
2458633.164475828 48.777274842106614 0.3256312134075298
2458634.162965511 50.35381312882787 0.24498254959775959
2458636.902198916 54.8917616598645 0.3711407254032427
2458637.426034037 55.7432296434407 0.7681435952442222
2458637.985876206 56.625302196469725 0.2524035513736845
2458638.0321281673 56.69652851004963 0.8634224999787897
2458640.8685340285 60.24742602980586 0.41126095369048354
2458641.629078409 60.813206225069074 0.6730863314029595
2458643.917759666 61.22066150351931 0.45101376177804336
2458644.9963113293 60.73215532657849 0.2765022306736563
2458647.417256433 58.34623034534126 2.646549129309233
2458647.5772436857 58.14048964408386 1.397683026897523
2458649.434120627 55.48801355439532 0.16224441791426067
2458650.798119836 53.36231706559251 2.0077145384034774
2458651.020303645 53.011049623943805 0.5384517556931429
2458652.357176062 50.9024531673244 2.1969913162207053
2458653.653862229 48.905775453326285 1.584101057607489
2458654.3910032823 47.80735812927281 0.4343304287941592
2458656.3594397297 45.04187014572918 0.10806970413227056
2458656.405414394 44.980459426719314 0.25293914085367625
2458657.284648871 43.83526534208421 0.649308849547995
2458657.7456602585 43.25720805264035 0.8916970497346385
2458660.169407145 40.47108536569219 0.2436865324317147
2458660.321151585 40.3105517557786 0.16182071326784966
2458660.3300257614 40.301213152463575 1.788114624613241
2458660.5990594015 40.020688254129254 2.9964240285653645
2458661.7613241323 38.8654436480411 0.6145189409868359
2458663.552458036 37.258270484628916 0.18093347685889047
2458663.8165792814 37.03830337793896 0.25613031863526803
2458666.4800457987 35.04969124369849 0.10655798877340401
2458667.6038655112 34.329613597271575 2.3520589906925777
2458668.028282866 34.075141487709544 0.15018502263429412
2458669.359407068 33.337349396766044 0.7324444849573274
2458672.213447348 32.052614395210774 0.25768125739964903
2458672.496762575 31.946614049192412 0.678058248963234
2458672.7627862673 31.8505789100411 0.9487036741574749
2458673.67476414 31.54699311971358 1.7563566344499675
2458675.8316575415 30.98715158209494 0.20400081742823659
2458677.6180074806 30.694333611614226 0.10387086373245434
2458678.598898071 30.601415541996303 0.16044583401709106
2458679.7705097822 30.555856338449892 2.2388652869909054
2458680.422919601 30.562385106064866 2.0456678337881393
2458683.6545665436 30.95687575846789 0.7872626599729431
2458683.78203805 30.98563820429409 0.7957475142520191
2458685.199350355 31.379116643907672 0.9943860242521014
2458687.5931602065 32.37657549214549 0.18325545782845323
2458687.633501621 32.39726613329633 2.352978283261929
2458688.2131225835 32.70967608537176 0.42477190808207244
2458688.288619157 32.752481059063776 0.37558461356159745
2458688.8552206866 33.08967755405646 0.6003113546274291
2458689.5411100034 33.53655999466282 0.11761127285129652
2458690.64745496 34.350977212895685 0.1775926767432202
2458690.7087768395 34.39961763485479 1.279529857936395
2458692.462468852 35.95394272489598 0.1331061131988791
2458694.845340566 38.59559662379148 0.8030233324187166
2458694.9323444217 38.70379398232302 0.2333585214884588
2458696.4530203096 40.72276033723003 0.3836572602060287
2458702.5999818626 49.99572216697287 0.271044503805519
2458703.3525766674 50.92987776811349 0.34159308828890667
2458703.698656522 51.314781979706524 1.1983091011028115
2458704.632809378 52.18544573303185 0.2790503511990888
2458704.6734561455 52.2172080612334 0.7073053783095483
2458707.0332908374 53.04562933690929 0.5176969463588877
2458707.7986021047 52.86203164922453 0.9897072417667734
2458710.633638137 50.460179203957075 2.5424042683618264
2458711.7666237857 48.931343552415235 1.2556197719505733
2458714.996754673 43.79080447686601 0.2100925091389537
2458717.9522149693 39.01166796958726 0.11137166248813722
2458720.08418969 35.85511692043884 0.24739793280335126
2458720.7907185876 34.87967683133102 0.7809386117114334
2458723.537376141 31.438414444046447 0.11943695432397401
2458726.8063561395 28.044852335786985 0.5553277434515808
2458727.7072451026 27.234238812826746 0.7857136052758198
2458728.183310444 26.826355030349013 0.3172238533397483
2458728.83099427 26.2935755675248 1.4334029885801203
2458728.8751332127 26.258182435932675 0.14450982652818964
2458729.0824691113 26.093473616237798 0.1296303437266391
2458731.27521676 24.502973784830637 1.236753460753778
2458732.898234493 23.496182030390067 0.5536521290377969
2458733.609480106 23.09871966697964 1.077962355294293
2458735.691009764 22.083882189412414 0.4489944863536923
2458735.8521821247 22.014388077978975 0.2342087142181416
2458736.7530121882 21.649753903975135 1.6929864278239388
2458740.3667857423 20.592354436429712 1.5816989213500947
2458741.9431254994 20.338226976584448 1.1016527078539127
2458742.126140439 20.317151642830837 0.25598687923118224
2458743.673706831 20.211342741961438 0.7679730861277593
2458744.0697279917 20.205590086114526 0.3479051402296169
2458744.7163246106 20.21550039079446 0.13720600207389344
2458745.3906524763 20.251969740618517 2.376678093561311
2458747.55576287 20.559685360378257 0.16040871004509247
2458748.7268642564 20.856060842739524 2.6629071927251466
2458749.691811767 21.174583279080288 0.46666868517062216
2458750.22543463 21.381138299108507 0.1895393527590113
2458750.8709680666 21.661255800431125 0.6499073088534938
2458751.0216553397 21.731543658282902 2.0390071740995532
2458752.3560172864 22.4385449221624 1.2541149055774454
2458755.34090056 24.622484041981256 1.6212191379166714
2458758.9147404903 28.477609943170474 0.9731393857651538
2458760.3888379605 30.473744889865625 1.0924834001897639
2458761.407519049 31.973895608879086 1.878423346494706
2458762.215459464 33.218798059468874 0.23686561123006258
2458765.461813756 38.31344809161959 0.5421724499235077
2458766.213818632 39.38689485383745 0.21469116009163644
2458766.4640173367 39.72338774696325 3.0304143370279477
2458769.0374220205 42.27860613216437 2.606687741164779
2458770.0178055875 42.68683985294656 0.1145882843406363
2458770.053524989 42.69492839895399 1.143833360372983
2458770.1921837726 42.72172189383119 2.442713182324649
2458774.441096929 40.23490402639211 0.18657911024575305
2458775.514043302 38.82474986652585 0.7110789882724929
2458775.933062045 38.22387801714233 2.361741964381135
2458776.4299803153 37.4838002289181 0.11243951609727404
2458776.4373086235 37.47269469478442 1.1120655849688332
2458777.3256103583 36.09504004404646 0.2792695023079311
2458778.7871480687 33.753896579766405 2.435534540464789
2458779.524725731 32.56900282819275 2.861457947015487
2458784.115914584 25.754002805561136 2.608553412180493
2458785.9380776384 23.452382500257556 0.5144241219681134
2458786.827080981 22.42086567564388 1.9636495232915547
2458786.875910838 22.36592832075553 1.8485197617856803
2458789.6851876853 19.497433862829944 0.3010583727274196
2458790.160770063 19.066663314504574 1.7513510667377097
2458791.7337327455 17.74847815192608 0.11363482620635584
2458793.2497172123 16.626013733200992 0.7841602393398411
2458794.6941283415 15.68427111852442 0.221316226072807
2458798.19352697 13.885136644766076 0.15165276349804635
2458799.6102381675 13.341161276474839 0.13044571045705175
2458802.97772522 12.460252084869687 1.1077280773377542
2458803.725704634 12.343362328171851 0.3234539399941472
2458805.044571044 12.208345448159363 1.222222170367153
2458806.1429218943 12.166635447718535 0.12532407597252507
2458808.271598048 12.276751388035118 0.2971224768514979
2458809.25384919 12.416868565889805 0.6445208016016488
