docs/examples/data-triple.ecsv
# %ECSV 0.9
# ---
# datatype:
# - {name: bjd, datatype: float64}
# - {name: rv, unit: km / s, datatype: float64}
# - {name: rv_err, unit: km / s, datatype: float64}
# meta: !!omap
# - __serialized_columns__:
#     rv:
#       __class__: astropy.units.quantity.Quantity
#       unit: !astropy.units.Unit {unit: km / s}
#       value: !astropy.table.SerializedColumn {name: rv}
#     rv_err:
#       __class__: astropy.units.quantity.Quantity
#       unit: !astropy.units.Unit {unit: km / s}
#       value: !astropy.table.SerializedColumn {name: rv_err}
# schema: astropy-2.0
bjd rv rv_err
2458494.962434712 17.254644828537934 0.2946194729233682
2458496.8445752454 15.519111448983441 0.7166752832844748
2458497.1499171355 15.15170688651932 2.084240443683491
2458497.9128205655 14.146498165433632 0.6108728390968009
2458498.6096904837 13.133453186581715 0.2527801112863005
2458500.5859672693 9.911185212288988 1.4717661571289782
2458501.346378739 8.588030096367955 0.24779459203035012
2458501.726108691 7.919492728521094 0.4711177403961644
2458502.6631224817 6.263863258394095 0.11714950444927515
2458503.014091312 5.645940363630105 0.8779774234538813
2458503.433862251 4.911440605173223 1.2396152554402786
2458506.5398173872 -0.1831269494909642 1.3689236734106836
2458506.7287121834 -0.4653444489263703 0.6757069951029635
2458508.0602308726 -2.339443026028975 0.32367226293981605
2458510.497200821 -5.1832567127641385 1.303389867803124
2458511.629202316 -6.221866768518105 0.12945666564032585
2458511.8178057894 -6.376715665035253 2.516570757051802
2458512.2976546227 -6.746911849156154 2.8831456596268845
2458515.4621105096 -8.315653303816305 0.39710250638737293
2458517.966654379 -8.460953658638239 0.44772673820883135
2458519.014281935 -8.230768489466568 1.7927540141349478
2458520.193992036 -7.765236034071584 0.7729014769481837
2458520.313923887 -7.705659276355916 0.24617242874556616
2458522.428615095 -6.284227829876589 1.4747237662308044
2458522.7115832022 -6.040923552305179 0.4812816288467918
2458523.196752258 -5.594767001335068 0.6235107700211917
2458526.7126660156 -1.291327565648581 0.5027304785106905
2458531.4117174475 7.042859559444597 0.33890066488864695
2458531.6024617665 7.427510901875615 0.4756582138318165
2458531.9975550086 8.23155974457479 2.573652756369098
2458533.5194821865 11.391326691126352 2.820782602448495
2458534.0803973004 12.565206305263015 2.168169935839574
2458535.4672772563 15.430309891322878 0.636465716212306
2458536.1779343835 16.849515921765224 2.0419021454953272
2458536.4591605514 17.396910035758328 0.4088224744973295
2458537.745595509 19.76102214032126 0.7561024030865595
2458537.9918445037 20.181782471538753 3.0913495706444887
2458538.186842984 20.50651501914268 2.996709140299928
2458538.845758636 21.543568322213822 0.2892108962608731
2458540.236957827 23.379406718852735 1.5514117320284706
2458540.45320123 23.616177598390642 0.36816403636031586
2458540.7587862527 23.926613013815736 0.1027392766765555
2458541.3426863914 24.438152952475157 1.9243445055671178
2458542.0766257574 24.922434545807228 2.0571414205242196
2458542.4344524825 25.092316713730916 0.21364823518842416
2458542.9062202834 25.24868046496438 0.6966137983114037
2458545.0199472248 25.005851045997346 1.2012348260218781
2458547.4773660777 22.952647641084088 2.8604664909565507
2458548.6693496685 21.41327056832998 0.2352132108270762
2458548.969562584 20.98268815029736 0.16108522981425538
2458549.3657296114 20.392205359841252 0.2535007987683415
2458550.6185173783 18.389893085387236 0.18311564307950584
2458551.9341993686 16.142221974868164 0.9182747966626549
2458552.0870511844 15.875849707574753 1.8033655376813982
2458553.330045556 13.699504955112069 0.11143543479020587
2458553.8254424515 12.836488014985857 0.12368317981356701
2458555.652925676 9.750071837223285 2.9942017289110234
2458555.6899843924 9.689758192350508 0.16296520907136888
2458556.5510949637 8.321362822159939 2.01742411291807
2458556.776813444 7.974011019959599 2.706405414599304
2458557.2332283864 7.28738691728082 0.10348549978313902
2458557.257030106 7.252178461323293 0.12501915249697723
2458558.260709678 5.825028326768594 0.3115419476759365
2458558.2927372395 5.781412100840114 0.6582373177992547
2458559.319494719 4.450321881099427 0.2593033313978993
2458559.743229455 3.9403894534192077 0.3971767459615185
2458559.7770675686 3.900692472677962 1.9210865231057104
2458560.3005395723 3.30623588989347 0.7442643438021559
2458560.9217178165 2.6496206731035805 0.22728748806301724
2458562.8470301954 0.9638707420119781 0.4711220618747784
2458563.0489931796 0.8184420042482001 0.32277402002024896
2458563.143976044 0.752141848842693 2.3363478134857782
2458563.716224501 0.38119567010655153 2.3068334517193936
2458565.0686518266 -0.2993806820890539 0.11459540990442452
2458565.3766522612 -0.4155153584189506 0.4644065618126852
2458565.9731399342 -0.599152301032694 0.697401970559322
2458566.1302988078 -0.638450786588626 0.24558480873903557
2458567.820777349 -0.8204061863810441 0.11666087830661491
2458568.3268063446 -0.7888703163445427 1.0919753937027625
2458568.4946914758 -0.7696259256915114 0.40389808324669707
2458569.0627205805 -0.6720262212362851 1.6990712817060163
2458570.441484811 -0.22618140204216974 2.098482364641628
2458570.6370020863 -0.13897198342938655 0.12278995273049226
2458571.9631487494 0.6098138631793528 0.3212327015153778
2458571.986327181 0.6253367351159431 0.6505156701345846
2458572.5163961393 1.0031274222133373 0.10503607014500733
2458572.530786942 1.0139926253215226 0.20429795167296982
2458573.451851207 1.7761431226858893 0.17778058117498272
2458574.7483934048 3.0702081066584848 1.0762132399367323
2458575.2675750963 3.660065327511586 0.22622052620769945
2458575.9186845953 4.456815513331077 1.0743835259198355
2458577.6086844373 6.812342991039351 0.4806181570691131
2458578.8178940956 8.738991668087134 2.275332210329887
2458578.917409104 8.905945553204306 1.1208877126561785
2458579.814583136 10.464952941680227 0.8933402912996098
2458580.3823306696 11.498566855156877 0.17049491246239862
2458581.027318538 12.712607927621079 0.8979862065071395
2458581.658882401 13.937686547439098 2.6864803159452375
2458582.297185385 15.206656379504192 2.9050702441528506
2458582.35975777 15.332482357045283 0.16807931246324173
2458583.5508496133 17.763274279383467 1.0314375849911344
2458583.838078951 18.356249532672287 0.1489334620531735
2458584.232761344 19.172569488717894 0.962125423219267
2458584.44155906 19.604457231084282 2.4666135162227665
2458586.0006291666 22.79098046949526 1.7953126530924644
2458587.527282321 25.733104159573543 0.2853915260307337
2458587.854221361 26.32412514362072 0.2418253635564715
2458588.169427743 26.87731866122418 0.366955634971254
2458588.895602579 28.08122584844421 2.7925951561228772
2458590.351280816 30.135549666130686 0.2091596260897384
2458591.11934561 30.98965749549651 1.70208822563493
2458591.2179286936 31.086508934087412 0.35374387423901194
2458592.6956076873 32.16291157978367 0.8604824271762336
2458593.621820928 32.460255725927674 0.10438250040274384
2458594.33160097 32.48565818616881 0.20654931977376123
2458594.860563448 32.3910933182181 0.1599087277108414
2458595.4193813386 32.18817410644834 0.5037030862094383
2458596.811828324 31.24736938323462 0.10556279196926374
2458596.917175272 31.152528677806394 0.303909815286604
2458597.269161302 30.813270370638392 1.5442396627276167
2458597.4307896034 30.646287064573595 0.6777632928297334
2458597.9396906723 30.07690477334605 2.1490457786401267
2458599.350686497 28.193789923386436 0.7106934436046314
2458602.629980766 22.711614111982506 2.5219421459160185
2458604.292176494 19.725146075999568 0.23124223415082518
2458604.394677921 19.54217896812502 0.8733817648799673
2458604.666415756 19.05888093127257 2.646263019182658
2458604.757822295 18.896958608861965 0.7084878852306475
2458604.7663237005 18.881916845462857 2.1756869759041293
2458604.851607348 18.731199181756622 0.11991203950432128
2458607.830818773 13.77933969449985 0.10406472263861898
2458610.93052584 9.609203252474051 0.10328010997846927
2458612.0085795624 8.45411469440788 0.6125999923666758
2458612.7396379486 7.764421731525484 0.22255824354001127
2458613.190414187 7.377689241805571 0.834356971639546
2458613.735004467 6.950199402621092 0.38789229249387297
2458614.416518587 6.4771054114499105 0.6717508020518766
2458616.262765682 5.545996470295112 2.642419631379559
2458616.4800759996 5.4704075339438205 0.42734626812250204
2458617.4258865914 5.225495893602993 1.004258336986948
2458618.867608465 5.116518616582029 0.1403838181310586
2458619.3002037196 5.146348018952191 2.1420412430292237
2458626.426312696 9.797998294549844 2.8483155334954757
2458627.3542757807 10.969681830532172 0.23697259866732306
2458627.5333268465 11.209962419817998 0.179869778991561
2458627.707709199 11.448315839298976 0.9595765499381498
2458628.05997579 11.942718171305415 1.5336495891870763
2458628.1660956764 12.095003525551334 0.19493604205764833
2458629.898736049 14.790308244146708 0.2635981090116545
2458630.395757108 15.631459295364689 0.2010752665944021
2458632.7604555944 19.970386860023982 1.2560622474709824
2458633.1768527846 20.779184361874094 0.7523472462199579
2458633.180691609 20.786684910510132 2.876085163696533
2458634.7529641134 23.901767294181433 1.5749147144947113
2458636.7413042956 27.815329293842346 0.2202726971229859
2458638.1308173146 30.372256576373506 0.4933175467287235
2458639.785144151 33.0257077973225 0.6445871325693199
2458643.370614819 36.37615614507333 0.2861461514878801
2458644.358990738 36.56681438538898 0.16590317895946813
2458644.5077383514 36.56596191164177 1.3779601910992136
2458644.8270460484 36.5380540137334 0.3529321623522908
2458647.554866649 34.91485674801167 2.5848601608737862
2458648.942533617 33.255707252683685 0.3121597190421276
2458649.760071438 32.07342932037825 0.11239263980382046
2458652.2085358985 27.91446356408664 1.1379693483527877
2458652.66070767 27.08274128455822 0.16136024410331157
2458653.907737307 24.74886992496019 0.14237197408475705
2458654.651245676 23.351994829208625 2.084315163711889
2458658.24611275 16.9768096685777 2.7500798212491944
2458659.053044727 15.699984935028642 2.486953963088478
2458659.4184749 15.145964730357127 0.143918972473371
2458661.029535175 12.899631849358904 1.5903142263080359
2458662.3964042445 11.263425885347578 0.7815811632702728
2458662.581736595 11.061611729235985 2.4363666266293653
2458662.7019047723 10.933365180435937 2.4918624878136297
2458666.5742493686 7.934847305976925 0.41525704626719384
2458667.8215046804 7.449751361104534 0.1893052714370701
2458670.153326555 7.184023202382704 0.416607076388319
2458671.348486316 7.37377673417315 0.4802196061084305
2458674.1821675086 8.709100871900171 0.4571430242287854
2458674.2270029187 8.740214889113235 0.34432365694967143
2458676.2122740904 10.426237289374507 1.304047746300911
2458680.257770832 15.642913037328842 0.3955555140605488
2458681.374816283 17.457648653873868 0.17402786166875867
2458681.864199958 18.29495351953776 1.917908187134735
2458682.152482958 18.79902466660933 0.30414202724058514
2458683.0028483197 20.327415443510148 0.31262606345041055
2458684.1918467283 22.546172081317728 2.4654375672588467
2458684.5612853067 23.2487181663395 0.1418261632276738
2458685.296224822 24.655147610474202 0.33331513032511095
2458688.3439480374 30.30688094320754 2.938442898573235
2458688.546125798 30.652568476977947 1.1868680344735996
2458689.8126106486 32.66858160728184 0.7127846634589525
2458690.210903107 33.23922444789502 0.20981129193283093
2458692.129297413 35.43986742137968 0.10725657713539774
2458692.402855959 35.66904243146644 0.5476819365270275
2458692.7232414894 35.90774959962237 0.14431619570050874
2458693.6358967684 36.40449509740023 0.12156168194375992
2458693.7462725793 36.445625395973956 0.6545174750808832
2458694.447989325 36.608950545846824 0.7324157458296604
2458694.8803489697 36.62427914102741 0.6867260939601768
2458695.232337447 36.588541731033885 0.8667421765498554
2458695.8365134755 36.426918751621 0.8047456220847298
2458695.9255122575 36.39250545609629 0.2653999554731907
2458696.1809072737 36.27882615825925 0.8030909467458809
2458696.516904491 36.09596155714241 0.2595324555458054
2458696.953827134 35.80281409932473 0.13355116249012428
2458697.3396493606 35.49350238856333 1.8040400183062422
2458700.9743152126 30.65435349231075 0.5895528814365925
2458701.4914137167 29.75409698031661 0.752395780104975
2458701.7269366374 29.332646040656364 0.5318110919924697
2458701.9117945004 28.99742150020269 2.8743647498619604
2458703.7444977053 25.52508920719322 0.4773007089337684
2458705.854764255 21.422598475963994 0.7292356137680865
2458706.484013905 20.22317489180068 0.9539760047434334
2458707.4284679946 18.46877196336708 0.38068770532733515
2458707.953563258 17.52324949888959 0.1284273189573751
2458708.7478467524 16.141245946650475 0.33528829560796475
2458711.336014268 12.124818936447303 0.5663737761323234
2458712.0547470697 11.159557054136211 0.1112000733452117
2458712.1943150884 10.98024831600219 0.4418552519851623
2458713.700178883 9.219372541308216 2.5431251814607583
2458713.7673240653 9.148406579026885 0.280949240331407
2458714.13379551 8.772647689211981 0.7535115531951417
2458714.505961241 8.411181428010487 0.7575759189797039
2458715.0845357156 7.889884852664785 2.2551436233600355
2458715.477029459 7.56463156250366 0.14513739880912108
2458716.1690146117 7.047542045042803 0.1841716773972295
2458716.5011615558 6.825036069933034 1.2290835499258648
2458716.665863867 6.7209093266501245 1.7608730569924522
2458716.9320238484 6.561360751085429 0.27998904459097634
2458717.1146816234 6.458113063319946 1.4250684482919713
2458717.37845808 6.318002504358752 0.1286964853104735
2458717.95647822 6.048216265568653 0.2488233122957054
2458718.598363412 5.808753869894879 0.15570508368216227
2458719.0292016543 5.683631034311269 2.2390531204438435
2458719.3652149853 5.60594565936942 0.11354614620654573
2458719.7448661732 5.539189232217158 0.8507110957512088
2458721.4481523396 5.514930203093032 0.3165531063062317
2458722.360941107 5.687657571559258 2.0090479240140557
2458724.7324975897 6.742677382356717 0.7423702046014385
2458724.8484945307 6.816676760257252 1.1568831261084789
2458725.4066613335 7.201791182016743 1.7794173768192993
2458727.356963218 8.920918508094552 1.6386555457879128
2458727.9980636393 9.610432931985827 0.9948691607713357
2458728.2967953095 9.952211361998248 0.3858822358016023
2458729.242310585 11.117739736486378 0.280869508321893
2458732.579816716 16.15294537926323 0.6773526453777297
2458734.7683033603 20.044367010167704 0.5734712329703598
2458737.128794509 24.422815453324993 1.5735493014104909
2458739.8198855664 29.025687809213068 0.1537887695326578
2458742.4170867815 32.26222032531566 1.032595705967841
2458743.376559741 32.99735220191397 0.16254168533734548
2458743.636618815 33.146486136410196 0.10480474157009637
2458743.859968267 33.25681771137443 0.38128981211277074
2458744.0158634284 33.32397057755712 1.0210758310188512
