docs/examples/data.ecsv
# %ECSV 0.9
# ---
# datatype:
# - {name: bjd, datatype: float64}
# - {name: rv, unit: km / s, datatype: float64}
# - {name: rv_err, unit: km / s, datatype: float64}
# meta: !!omap
# - t0: !astropy.time.Time {format: mjd, in_subfmt: '*', jd1: 2458499.0, jd2: 0.4826435815630248, out_subfmt: '*', precision: 3, scale: tcb}
# - __serialized_columns__:
#     rv:
#       __class__: astropy.units.quantity.Quantity
#       unit: !astropy.units.Unit {unit: km / s}
#       value: !astropy.table.SerializedColumn {name: rv}
#     rv_err:
#       __class__: astropy.units.quantity.Quantity
#       unit: !astropy.units.Unit {unit: km / s}
#       value: !astropy.table.SerializedColumn {name: rv_err}
# schema: astropy-2.0
bjd rv rv_err
2458499.4826435815 -31.638169053613627 1.4705830438244556
2458500.373094293 -30.438727324823606 0.8882047814916751
2458500.454112843 -30.332589326368538 0.10091180036388825
2458500.7056855713 -30.006596454511257 0.3416366950807672
2458501.100619576 -29.50642598653422 0.4318103244149271
2458502.2018231116 -28.196120356656856 0.24273802815202772
2458502.4008297697 -27.973871889399682 0.19117364112225843
2458503.103936471 -27.227532932156087 0.36621167675425104
2458503.7603894942 -26.588285133517047 0.22513642450317412
2458503.9544611354 -26.410393087425625 1.5083598253629775
2458505.0117707495 -25.533389949224567 0.38588679940137194
2458505.532386908 -25.160061267882643 0.3794797159279379
2458505.9719183845 -24.87539292798527 0.20827026957228875
2458506.655942476 -24.488145565159734 1.4064693543030347
2458507.4391790875 -24.12779800131588 0.6665649923023013
2458507.6543551073 -24.04418889881604 0.7717125137352185
2458508.538957192 -23.768974805871366 0.2006022745403295
2458509.700906353 -23.57015446547381 0.11923619039324378
2458510.6640405417 -23.53865138700912 0.14129518119289103
2458510.9267367776 -23.550068800714815 0.36947503209167315
2458512.5088256663 -23.788892506275516 0.3390058849600785
2458512.597841457 -23.81058449364475 1.5635712968523559
2458513.0252060597 -23.92629624188801 0.5092750393266123
2458514.2848268445 -24.373168352996025 2.984513418174802
2458515.0505396803 -24.716457584718988 0.1597046446049909
2458515.3667210615 -24.872848780071337 0.16118181305630944
2458515.8615930076 -25.13389918228496 0.26698345291697584
2458515.962221159 -25.18933466111283 0.31827987414172754
2458516.578256466 -25.545300396800933 0.2036117892980431
2458516.665447631 -25.597919827180814 2.0478401449155843
2458517.3338558273 -26.018799352250113 0.6259754893765687
2458518.4632632546 -26.795308782649272 1.8425681357563097
2458518.843345186 -27.0735065538463 1.0984631977583326
2458519.4452838916 -27.529946912241332 2.631499557593306
2458519.8667149763 -27.8603602180666 2.0042429062666804
2458520.522062194 -28.390547690374785 2.6158677586143937
2458520.5697587742 -28.429870512227467 1.5227067612780416
2458520.9520168738 -28.748423896651857 2.7433542894582432
2458523.6757867313 -31.165009466533473 0.7138002689594665
2458524.022868783 -31.4876225815045 0.8173900890437893
2458524.274503245 -31.723088016154158 0.15626889941755773
2458524.973032729 -32.38280850787131 1.5756299267603966
2458526.925719867 -34.25978696329899 1.2309955096194511
2458527.772532309 -35.080731297628894 0.20440734062000088
2458527.845230135 -35.15121734948909 0.16380788622677583
2458527.916906024 -35.220703820493725 1.5436987112183667
2458529.300372865 -36.55713085789229 0.8904728689099404
2458529.481816147 -36.73125897267968 0.32595402139325647
2458530.157767313 -37.37627410115343 0.4042849401712495
2458530.6405449966 -37.83260239088485 2.245320012354477
2458531.469898229 -38.60568529990114 1.2187421308637059
2458531.7477766396 -38.861097265583666 0.29015528672940044
2458532.002855918 -39.09374369418401 0.32939616904123015
2458532.2956020012 -39.35845328272843 0.3925333797062761
2458532.304670583 -39.36661244016651 0.20414928045356437
2458533.830441163 -40.69909161997548 3.04911053924685
2458533.960602374 -40.80860036268172 0.43495239614978903
2458534.441369027 -41.20658793536142 0.8710461497281305
2458534.609921284 -41.343581792657815 3.1567927740179047
2458536.838048118 -43.008841822099036 0.287525412800455
2458538.5565903657 -44.065611886060644 3.0564876962533005
2458538.936848477 -44.267065020440334 0.364410688291422
2458539.328535755 -44.461023675964434 1.3535004944992295
2458539.581757577 -44.578806232731935 0.8253976685087817
2458539.733579934 -44.646472758076 0.7479854222124135
2458541.2202943186 -45.184030357667524 0.1096883348270607
2458541.288632881 -45.20296306947342 0.9662525108510249
2458541.627170366 -45.28880564270365 1.4672607501559793
2458542.0301052136 -45.3733205218288 0.26250488004530786
2458542.06581424 -45.37986375807439 0.6321539643129812
2458542.40611539 -45.434317030927076 0.5586174583054193
2458543.3389639636 -45.507671460478235 0.4361784408968487
2458543.777024798 -45.5021013939396 0.8763201573354975
2458544.8605950065 -45.372584516379575 0.594398071167289
2458545.008081018 -45.34181979196879 0.7916073910763495
2458546.137928597 -44.99809708949064 2.198910827730676
2458547.2192702442 -44.486083362099855 1.3201211449927301
2458548.503058901 -43.64305709465269 1.9487737877777151
2458548.877054003 -43.34998652682118 2.0068192646996335
2458548.905579488 -43.32676912901701 0.24989504894207057
2458549.5927333413 -42.73111404596165 1.565706867848741
2458550.456685546 -41.886437286884586 1.3926997521968139
2458550.716645221 -41.61242043036537 0.2294642910460092
2458550.877704501 -41.43824515172076 1.1264604507712244
2458551.2830747087 -40.98544256594738 0.5850244787940257
2458552.4141593217 -39.621749888764356 0.7267998401945829
2458553.0059536593 -38.856857349290294 1.6264332660773422
2458553.07131379 -38.77050560149969 2.6277246100361165
2458554.1916907933 -37.2422945053423 0.4325991179762261
2458554.319895693 -37.0625725432706 0.1236214301957493
2458554.7851961995 -36.404123691410035 1.0114801939459344
2458555.2366197137 -35.758131860902324 0.40931571370961783
2458555.4268754907 -35.484412006419745 0.5396485855167239
2458555.9153424636 -34.77952693900781 0.42634527187330806
2458556.3415813157 -34.164055885074546 0.9084133838617046
2458556.68997813 -33.662391162937304 0.6927035348602613
2458556.7158403974 -33.62523960280827 1.1275683450088876
2458556.728043741 -33.6077144011924 0.39571839439625217
2458557.695327711 -32.23351476252061 0.9477815040725242
2458558.8770305347 -30.619659714168655 0.22353937673012336
2458559.1258951407 -30.292551977587358 1.995448915636507
2458559.484173568 -29.830957719197944 0.12332104332132454
2458560.916756616 -28.113127229538488 0.4636293171271879
2458562.2438786416 -26.73653366171218 0.2974703867197249
2458562.545130086 -26.456134201388036 0.6461625066357491
2458563.4535759934 -25.68661665791799 1.706990122249593
2458563.9342409275 -25.326777953182642 0.419399091104176
2458564.172434045 -25.16078412233921 0.7513055910953855
2458564.1842789035 -25.15274368620604 0.9726551212519461
2458564.6021966673 -24.882071856825732 0.25898659311460903
2458567.2303203573 -23.75660502211094 0.3787268825363619
2458567.5184155246 -23.69235384234635 0.4613873281442782
2458567.860048682 -23.6307217316926 0.61803921036322
2458568.637706346 -23.547978861887415 0.45171421456261746
2458571.6785760913 -23.929893828067655 2.73624550263766
2458572.9149793843 -24.368633108438836 0.20052626263817885
2458574.6208702256 -25.199076003393962 0.1631283121719419
2458574.697085445 -25.24168104265809 2.2202062680360712
2458574.8102270123 -25.305739355751506 0.5016509753074149
2458575.4718518625 -25.69914751044639 0.2424063157612819
2458576.915738255 -26.660268523336388 0.2697559362519076
2458579.7159962663 -28.85206433113484 0.12523065871189715
2458582.5562681225 -31.38722669182379 1.1139352583316269
2458585.588805566 -34.28107217258416 0.2796336515692164
2458586.1279988964 -34.80373476397791 0.10448919070888026
2458586.3528117742 -35.021745508842855 0.12166296109981813
2458586.595817095 -35.257345204474504 1.4911773457760709
2458586.960259134 -35.610394638175684 0.42897049397633563
2458587.9082373683 -36.525186239228844 0.35877662039292385
2458587.9156138552 -36.53227491235699 0.23128879830301535
2458588.952095728 -37.52153568453565 0.1762625870509669
2458589.3350124666 -37.88277569852213 0.31634186806911613
2458589.5717623015 -38.10471745140501 1.5872265754942942
2458589.948481033 -38.45540271913077 0.10055492308047952
2458590.7500199997 -39.18993154232557 0.14027952053359852
2458590.9747443683 -39.392654029038766 0.2351435884011822
2458591.443546315 -39.81044370253941 0.14569777459626904
2458591.799545172 -40.122707252269805 0.1751374479111415
2458592.6605397863 -40.85785347106301 2.025993639389614
2458593.7379128886 -41.73140280503888 2.740107815336359
2458594.3655295623 -42.212729611193176 1.5560759251399419
2458594.955548499 -42.64432499595931 2.0046006515527983
2458595.6617392795 -43.13159560648716 1.3453497578294344
2458596.0177219114 -43.36413774080657 0.13342192209774886
2458597.155422031 -44.042437863591104 0.12524557040931228
2458597.436978684 -44.19385684758972 1.5347075391241016
2458598.224400116 -44.579500075775044 0.3634178831450932
2458599.4613884687 -45.06266476287497 0.7819888326496771
2458599.769705857 -45.157791864492275 0.33029940409755837
2458600.9734990196 -45.42374339742928 1.006665439142693
2458603.4345008563 -45.385541845118475 0.11892188686174018
2458603.70219032 -45.32998002677 2.4162455029960683
2458604.6672019325 -45.04075681074497 0.10534782112817934
2458605.2328012483 -44.80527471664077 0.896649611078587
2458606.1676662806 -44.307495516282685 0.25837005742547714
2458606.363960173 -44.18574503499963 0.4426645124105075
2458606.7192341955 -43.9502323152388 0.12655111068319863
2458607.1218454335 -43.659881179660225 0.5169686164741476
2458607.676766035 -43.21935751725658 1.3017346713758138
2458609.1353288363 -41.84742575648184 0.8730076117269269
2458610.5146555994 -40.290932967474596 0.6949484942142596
2458610.7199941245 -40.040323203179405 0.23950046553218837
2458610.8599634236 -39.866959853369835 0.4846190775393753
2458610.9131449135 -39.80056617371946 0.675579426130164
2458610.935303205 -39.7728191054974 0.15467072119138525
2458611.442085645 -39.12533757567413 0.5296470969564641
2458611.643880282 -38.86105517764249 0.12503296545435108
2458612.4309920343 -37.799808115270984 0.18763335875752132
2458612.9835926075 -37.030827263857226 0.19506153451232175
2458613.036282614 -36.956677114739435 0.5915693925967843
2458613.768229794 -35.91533174836043 1.765643298504356
2458614.1778427307 -35.32608887612301 0.1306544189688334
2458615.172096821 -33.8910803934871 0.5811051376884026
2458615.5892380937 -33.2922769740838 0.12578588841307647
2458616.0357734445 -32.656869291136324 0.1385137554766268
2458616.2080876688 -32.41373605270182 1.2202010256153148
2458617.7269707415 -30.344828144284737 0.5337623136683662
2458618.6820258824 -29.137624440126523 0.13642897084957425
2458619.8551996117 -27.785458426035376 1.081008275960084
2458621.0347148357 -26.59563180850683 0.1400986092438265
2458621.20315432 -26.440758045309003 1.8582368211072213
2458621.930526762 -25.81707730060854 0.11374355284681657
2458623.160083489 -24.933952913006422 1.140073762372578
2458623.835344971 -24.542020879744655 2.828724050415465
2458624.0491329804 -24.431716705487204 1.3365408967176953
2458624.77158741 -24.107708048786456 1.5594152640944139
2458624.9590453124 -24.035837844966885 0.5250053322165796
2458626.578829168 -23.618889125497233 0.9312199011833704
2458627.195187763 -23.553110181158328 1.1246709873981182
2458627.592892323 -23.53664526667572 2.8471356571617417
2458627.7320159147 -23.535587824859338 0.27223177208055094
2458627.837395804 -23.536387427220085 3.0351850795343487
2458630.8079012125 -24.085447768506157 0.6301735518518387
2458632.4017197313 -24.749856996861183 1.6485263001443933
2458633.322486647 -25.23286307472593 0.1678241445339329
2458633.469306406 -25.316001306409014 1.6988139881875652
2458635.11376115 -26.351328186700584 0.2005716431573142
2458635.1670952523 -26.38788682795445 1.4820264500481537
2458635.338518928 -26.506566719190353 1.9970724812439364
2458635.8465950307 -26.868528857980415 1.8692976736746367
2458636.6809505895 -27.493980457561996 0.6168506709555049
2458637.613417368 -28.234165260452798 0.22153494661186796
2458639.308498893 -29.67351578396221 0.9624863967658391
2458640.6078118603 -30.842276916460403 0.3307671195951227
2458640.8673156933 -31.081151610156844 0.42496546361231397
2458641.5302085886 -31.698216715897267 1.551297293814721
2458641.649875934 -31.810566624026198 3.079795517614518
2458641.698601165 -31.856389413905408 0.18505359660025023
2458642.9413377373 -33.03795572055172 1.88775562941274
2458643.251098575 -33.335574024204156 1.6614623825559742
2458643.39052938 -33.46984086956776 0.23566469227543788
2458645.27691013 -35.29609800736471 1.5380401898900575
2458645.9287292464 -35.92701611043371 0.26836331601432434
2458646.431844439 -36.412193138280905 0.24335778672852712
2458648.880858216 -38.72426173610022 0.4257816415093619
2458649.217445476 -39.032235216111665 0.1435030523627396
2458649.5469118743 -39.330622616879914 0.1413031198292296
2458650.9052384254 -40.52310688835521 1.4362018113339647
2458651.3226768128 -40.875421214706336 1.832992345101904
2458651.863239945 -41.3201874244662 0.7820028830758543
2458652.7928970302 -42.05127465957302 0.5683391713506594
2458653.827108657 -42.80698407153239 0.6983229910124918
2458655.541845874 -43.89964402382968 0.9094993374579641
2458655.5640682126 -43.91231909037815 0.5982134350303486
2458656.4144486464 -44.36557115880479 1.3588075769341545
2458656.504599383 -44.40984896684956 0.13261338360079436
2458656.903655421 -44.59670560948373 1.841360732594098
2458657.1260136315 -44.69418147744487 0.12702520499966505
2458657.305272478 -44.76920114740908 0.9386319711586698
2458657.3238320383 -44.77678389945595 0.46015574960449057
2458657.5592932086 -44.869934543211485 1.739156532119717
2458657.887191195 -44.99004357610961 1.3816853653013976
2458659.1447645123 -45.340544546926864 0.7060736584138798
2458659.267807411 -45.36494484136112 1.8123785346036452
2458659.4533214024 -45.398245094370324 0.7727434610691981
2458660.428638286 -45.50189023122422 0.1266139833072725
2458661.661833562 -45.45082329304411 1.1009591328757913
2458662.157828867 -45.369599498727936 0.11027918194928096
2458662.7955411593 -45.211927762207274 0.7399093051835317
2458663.0381552284 -45.13591986322224 0.17094512604976003
2458664.1741136336 -44.66021455137307 1.819935797869747
2458664.2753073 -44.60816713289068 0.8199697688757915
2458664.762430716 -44.33536978676102 0.22032881540773494
2458664.931254276 -44.23223009951161 0.11636611279357403
2458665.3624634035 -43.948769629983545 0.15865424766884823
2458666.4137519347 -43.138576433561916 0.22115875429847925
2458667.300940306 -42.327592257939244 0.26114258318689304
2458668.799581576 -40.71467306789071 0.3068962338693108
2458669.0058837305 -40.470976297123784 0.9199770794153515
2458669.35985133 -40.041866719952196 0.4264439157381999
2458669.5397832487 -39.81866233031991 0.5737614236411773
2458670.05520497 -39.16171837154996 0.14211852181090037
2458670.1124195303 -39.08728246533366 0.2108940261629024
2458670.4417885747 -38.65335800910988 0.127394966074474
2458670.6579054715 -38.36391628794674 1.7605558019038983
2458672.881558721 -35.23579315530726 0.6669051966288574
2458673.0990848443 -34.92177499609789 0.13606317982176325
