docs/examples/data-triple.ecsv
# %ECSV 0.9
# ---
# datatype:
# - {name: bjd, datatype: float64}
# - {name: rv, unit: km / s, datatype: float64}
# - {name: rv_err, unit: km / s, datatype: float64}
# meta: !!omap
# - __serialized_columns__:
#     rv:
#       __class__: astropy.units.quantity.Quantity
#       unit: !astropy.units.Unit {unit: km / s}
#       value: !astropy.table.SerializedColumn {name: rv}
#     rv_err:
#       __class__: astropy.units.quantity.Quantity
#       unit: !astropy.units.Unit {unit: km / s}
#       value: !astropy.table.SerializedColumn {name: rv_err}
# schema: astropy-2.0
bjd rv rv_err
2458493.469285932 19.942331768689098 0.2946194729233682
2458494.962434712 18.54279090710409 0.7166752832844748
2458496.8445752454 15.37496706911266 2.084240443683491
2458497.1499171355 14.773042464482321 0.6108728390968009
2458497.9128205655 13.21616297438696 0.2527801112863005
2458498.6096904837 11.761633452601355 1.4717661571289782
2458500.5859672693 7.724583412314099 0.24779459203035012
2458501.346378739 6.27276018838473 0.4711177403961644
2458501.726108691 5.576709161952282 0.11714950444927515
2458502.6631224817 3.949268835021951 0.8779774234538813
2458503.014091312 3.374034011699722 1.2396152554402786
2458503.433862251 2.7111268673249427 1.3689236734106836
2458506.5398173872 -1.3554822124193309 0.6757069951029635
2458506.7287121834 -1.5571138187857998 0.32367226293981605
2458508.0602308726 -2.841106677518741 1.303389867803124
2458510.497200821 -4.615121424317139 0.12945666564032585
2458511.629202316 -5.209235353637968 2.516570757051802
2458511.8178057894 -5.295009734881402 2.8831456596268845
2458512.2976546227 -5.496733319847253 0.39710250638737293
2458515.4621105096 -6.264314744153731 0.44772673820883135
2458517.966654379 -6.219038104362294 1.7927540141349478
2458519.014281935 -6.033852450516119 0.7729014769481837
2458520.193992036 -5.706756419844528 0.24617242874556616
2458520.313923887 -5.666369730960933 1.4747237662308044
2458522.428615095 -4.730812735100424 0.4812816288467918
2458522.7115832022 -4.5725375379599775 0.6235107700211917
2458523.196752258 -4.282224605790017 0.5027304785106905
2458526.7126660156 -1.4046920404878678 0.33890066488864695
2458531.4117174475 5.000920564711535 0.4756582138318165
2458531.6024617665 5.334120221911127 2.573652756369098
2458531.9975550086 6.043871329466255 2.820782602448495
2458533.5194821865 9.025530665437124 2.168169935839574
2458534.0803973004 10.221459744400082 0.636465716212306
2458535.4672772563 13.37860890692959 2.0419021454953272
2458536.1779343835 15.08528956783402 0.4088224744973295
2458536.4591605514 15.771909523047759 0.7561024030865595
2458537.745595509 18.937491327817476 3.0913495706444887
2458537.9918445037 19.537407400246796 2.996709140299928
2458538.186842984 20.008372965753168 0.2892108962608731
2458538.845758636 21.55981108926244 1.5514117320284706
2458540.236957827 24.47973301691336 0.36816403636031586
2458540.45320123 24.870215270118248 0.1027392766765555
2458540.7587862527 25.38513299207088 1.9243445055671178
2458541.3426863914 26.235153081745295 2.0571414205242196
2458542.0766257574 27.02149774011123 0.21364823518842416
2458542.4344524825 27.28012725425021 0.6966137983114037
2458542.9062202834 27.48968709215483 1.2012348260218781
2458545.0199472248 26.615179835582477 2.8604664909565507
2458547.4773660777 22.753784749160925 0.2352132108270762
2458548.6693496685 20.352944735402307 0.16108522981425538
2458548.969562584 19.731773538409705 0.2535007987683415
2458549.3657296114 18.910552757652315 0.18311564307950584
2458550.6185173783 16.35343207760741 0.9182747966626549
2458551.9341993686 13.82434367233958 1.8033655376813982
2458552.0870511844 13.544697923913436 0.11143543479020587
2458553.330045556 11.395935372266763 0.12368317981356701
2458553.8254424515 10.604499398678959 2.9942017289110234
2458555.652925676 8.011656441384588 0.16296520907136888
2458555.6899843924 7.964327120167164 2.01742411291807
2458556.5510949637 6.921477379920104 2.706405414599304
2458556.776813444 6.665857085671579 0.10348549978313902
2458557.2332283864 6.170900864984717 0.12501915249697723
2458557.257030106 6.145883717474445 0.3115419476759365
2458558.260709678 5.160625258222809 0.6582373177992547
2458558.2927372395 5.131380113405084 0.2593033313978993
2458559.319494719 4.262799916800892 0.3971767459615185
2458559.743229455 3.942174622009147 1.9210865231057104
2458559.7770675686 3.917494825795461 0.7442643438021559
2458560.3005395723 3.552774139603348 0.22728748806301724
2458560.9217178165 3.1606255608579534 0.4711220618747784
2458562.8470301954 2.209696978304769 0.32277402002024896
2458563.0489931796 2.1320260320350277 2.3363478134857782
2458563.143976044 2.0968952728864254 2.3068334517193936
2458563.716224501 1.9039237981769883 0.11459540990442452
2458565.0686518266 1.5718742475177434 0.4644065618126852
2458565.3766522612 1.519989222008082 0.697401970559322
2458565.9731399342 1.444003644071847 0.24558480873903557
2458566.1302988078 1.4293166144389957 0.11666087830661491
2458567.820777349 1.410022629171344 1.0919753937027625
2458568.3268063446 1.4532128962030058 0.40389808324669707
2458568.4946914758 1.4725112884073637 1.6990712817060163
2458569.0627205805 1.5561920778659548 2.098482364641628
2458570.441484811 1.8782001780929738 0.12278995273049226
2458570.6370020863 1.937649850704834 0.3212327015153778
2458571.9631487494 2.433398715360868 0.6505156701345846
2458571.986327181 2.443520294591523 0.10503607014500733
2458572.5163961393 2.6889592937793623 0.20429795167296982
2458572.530786942 2.695998707349869 0.17778058117498272
2458573.451851207 3.188771177572775 1.0762132399367323
2458574.7483934048 4.028508099879448 0.22622052620769945
2458575.2675750963 4.415042751156254 1.0743835259198355
2458575.9186845953 4.9424353305157505 0.4806181570691131
2458577.6086844373 6.546660874899998 2.275332210329887
2458578.8178940956 7.9202390635552815 1.1208877126561785
2458578.917409104 8.042250329844878 0.8933402912996098
2458579.814583136 9.206900524732136 0.17049491246239862
2458580.3823306696 10.006079548545923 0.8979862065071395
2458581.027318538 10.974929427150448 2.6864803159452375
2458581.658882401 11.988452820284472 2.9050702441528506
2458582.297185385 13.079727613472116 0.16807931246324173
2458582.35975777 13.190376558135094 1.0314375849911344
2458583.5508496133 15.42268057476963 0.1489334620531735
2458583.838078951 15.99669349300886 0.962125423219267
2458584.232761344 16.80761741162784 2.4666135162227665
2458584.44155906 17.246797651571406 1.7953126530924644
2458586.0006291666 20.72960312607026 0.2853915260307337
2458587.527282321 24.39296747067568 0.2418253635564715
2458587.854221361 25.189918256910218 0.366955634971254
2458588.169427743 25.956199288032238 2.7925951561228772
2458588.895602579 27.6951779979963 0.2091596260897384
2458590.351280816 30.899423658795435 1.70208822563493
2458591.11934561 32.315071778295774 0.35374387423901194
2458591.2179286936 32.47792137977852 0.8604824271762336
2458592.6956076873 34.27876670019433 0.10438250040274384
2458593.621820928 34.7025456341754 0.20654931977376123
2458594.33160097 34.63213977958902 0.1599087277108414
2458594.860563448 34.3625980748896 0.5037030862094383
2458595.4193813386 33.89019922149458 0.10556279196926374
2458596.811828324 32.00802627484257 0.303909815286604
2458596.917175272 31.832304093802996 1.5442396627276167
2458597.269161302 31.218616913999725 0.6777632928297334
2458597.4307896034 30.924400582635624 2.1490457786401267
2458597.9396906723 29.95547898880012 0.7106934436046314
2458599.350686497 27.056275959027495 2.5219421459160185
2458602.629980766 20.381920631419845 0.23124223415082518
2458604.292176494 17.476959696560478 0.8733817648799673
2458604.394677921 17.311433063650814 2.646263019182658
2458604.666415756 16.88041547097844 0.7084878852306475
2458604.757822295 16.73797949895746 2.1756869759041293
2458604.7663237005 16.724797232432056 0.11991203950432128
2458604.851607348 16.593170417174314 0.10406472263861898
2458607.830818773 12.678025027126663 0.10328010997846927
2458610.93052584 9.885091217468458 0.6125999923666758
2458612.0085795624 9.179563572085598 0.22255824354001127
2458612.7396379486 8.7718978182532 0.834356971639546
2458613.190414187 8.547895802906881 0.38789229249387297
2458613.735004467 8.304332473716904 0.6717508020518766
2458614.416518587 8.040184593861301 2.642419631379559
2458616.262765682 7.542741661951972 0.42734626812250204
2458616.4800759996 7.504538510675184 1.004258336986948
2458617.4258865914 7.386985048653349 0.1403838181310586
2458618.867608465 7.3584585431275755 2.1420412430292237
2458619.3002037196 7.385187442840543 2.8483155334954757
2458626.426312696 10.306731164478864 0.23697259866732306
2458627.3542757807 11.074012698742981 0.179869778991561
2458627.5333268465 11.233989944934649 0.9595765499381498
2458627.707709199 11.393612828158883 1.5336495891870763
2458628.05997579 11.727739444425595 0.19493604205764833
2458628.1660956764 11.831500462945382 0.2635981090116545
2458629.898736049 13.739558490693614 0.2010752665944021
2458630.395757108 14.36533267798664 1.2560622474709824
2458632.7604555944 17.86830646904974 0.7523472462199579
2458633.1768527846 18.579771043359536 2.876085163696533
2458633.180691609 18.586465733977725 1.5749147144947113
2458634.7529641134 21.536211964053116 0.2202726971229859
2458636.7413042956 25.816381176123787 0.4933175467287235
2458638.1308173146 29.05726706739774 0.6445871325693199
2458639.785144151 32.895261851714196 0.2861461514878801
2458643.370614819 38.52236825137228 0.16590317895946813
2458644.358990738 38.800934212524226 1.3779601910992136
2458644.5077383514 38.78510773498313 0.3529321623522908
2458644.8270460484 38.700525231926164 2.5848601608737862
2458647.554866649 35.536225988670736 0.3121597190421276
2458648.942533617 32.79702401992017 0.11239263980382046
2458649.760071438 31.035235155310858 1.1379693483527877
2458652.2085358985 25.743313805085133 0.16136024410331157
2458652.66070767 24.817892676269665 0.14237197408475705
2458653.907737307 22.404689428789283 2.084315163711889
2458654.651245676 21.07310731331625 2.7500798212491944
2458658.24611275 15.812837859736394 2.486953963088478
2458659.053044727 14.887320108134514 0.143918972473371
2458659.4184749 14.496557918062186 1.5903142263080359
2458661.029535175 12.973130219847427 0.7815811632702728
2458662.3964042445 11.918638361212555 2.4363666266293653
2458662.581736595 11.791449819888442 2.4918624878136297
2458662.7019047723 11.710933343308085 0.41525704626719384
2458666.5742493686 9.884772500677757 0.1893052714370701
2458667.8215046804 9.593038356636157 0.416607076388319
2458670.153326555 9.413676037872351 0.4802196061084305
2458671.348486316 9.50607226988295 0.4571430242287854
2458674.1821675086 10.242773524980455 0.34432365694967143
2458674.2270029187 10.260543344865253 1.304047746300911
2458676.2122740904 11.252804815178235 0.3955555140605488
2458680.257770832 14.68231374036796 0.17402786166875867
2458681.374816283 16.018250684624277 1.917908187134735
2458681.864199958 16.663355156666515 0.30414202724058514
2458682.152482958 17.061051789628877 0.31262606345041055
2458683.0028483197 18.312560900678942 2.4654375672588467
2458684.1918467283 20.264109460367663 0.1418261632276738
2458684.5612853067 20.918989580027624 0.33331513032511095
2458685.296224822 22.289413589960354 2.938442898573235
2458688.3439480374 28.78838188180879 1.1868680344735996
2458688.546125798 29.249525539529557 0.7127846634589525
2458689.8126106486 32.124507142036606 0.20981129193283093
2458690.210903107 33.00151486527008 0.10725657713539774
2458692.129297413 36.68665565304564 0.5476819365270275
2458692.402855959 37.100153547302625 0.14431619570050874
2458692.7232414894 37.53683501755912 0.12156168194375992
2458693.6358967684 38.462347569612604 0.6545174750808832
2458693.7462725793 38.53950959184687 0.7324157458296604
2458694.447989325 38.8415095761148 0.6867260939601768
2458694.8803489697 38.86122035860899 0.8667421765498554
2458695.232337447 38.7829980666769 0.8047456220847298
2458695.8365134755 38.45588964642344 0.2653999554731907
2458695.9255122575 38.38776666152181 0.8030909467458809
2458696.1809072737 38.16501369332136 0.2595324555458054
2458696.516904491 37.81269272452009 0.13355116249012428
2458696.953827134 37.260612569281065 1.8040400183062422
2458697.3396493606 36.69289542771283 0.5895528814365925
2458700.9743152126 29.21612613028733 0.752395780104975
2458701.4914137167 28.046662088085938 0.5318110919924697
2458701.7269366374 27.51782263236362 2.8743647498619604
2458701.9117945004 27.10519450430376 0.4773007089337684
2458703.7444977053 23.19616405239448 0.7292356137680865
2458705.854764255 19.257679883275063 0.9539760047434334
2458706.484013905 18.214487339073877 0.38068770532733515
2458707.4284679946 16.761707194848668 0.1284273189573751
2458707.953563258 16.011356861881143 0.33528829560796475
2458708.7478467524 14.95169762746757 0.5663737761323234
2458711.336014268 12.08491884900898 0.1112000733452117
2458712.0547470697 11.435391600570103 0.4418552519851623
2458712.1943150884 11.31614432527624 2.5431251814607583
2458713.700178883 10.165519480781443 0.280949240331407
2458713.7673240653 10.119829523283128 0.7535115531951417
2458714.13379551 9.878621082904118 0.7575759189797039
2458714.505961241 9.647598567363714 2.2551436233600355
2458715.0845357156 9.31575649708182 0.14513739880912108
2458715.477029459 9.109191258469227 0.1841716773972295
2458716.1690146117 8.78071963974346 1.2290835499258648
2458716.5011615558 8.638966792613807 1.7608730569924522
2458716.665863867 8.572452942800691 0.27998904459097634
2458716.9320238484 8.470219282722375 1.4250684482919713
2458717.1146816234 8.403793161694455 0.1286964853104735
2458717.37845808 8.313197358054197 0.2488233122957054
2458717.95647822 8.13652397951271 0.15570508368216227
2458718.598363412 7.975163131529786 2.2390531204438435
2458719.0292016543 7.887250972879466 0.11354614620654573
2458719.3652149853 7.830006016435224 0.8507110957512088
2458719.7448661732 7.777236702095861 0.3165531063062317
2458721.4481523396 7.696223277961613 2.0090479240140557
2458722.360941107 7.758681560682415 0.7423702046014385
2458724.7324975897 8.279855965602204 1.1568831261084789
2458724.8484945307 8.319179133363086 1.7794173768192993
2458725.4066613335 8.527244053838201 1.6386555457879128
2458727.356963218 9.51095487783487 0.9948691607713357
2458727.9980636393 9.926974141000093 0.3858822358016023
2458728.2967953095 10.137449172008763 0.280869508321893
2458729.242310585 10.876255281334807 0.6773526453777297
2458732.579816716 14.464034835396014 0.5734712329703598
2458734.7683033603 17.760119750167576 1.5735493014104909
2458737.128794509 22.204556726437737 0.1537887695326578
2458739.8198855664 28.07952149464284 1.032595705967841
2458742.4170867815 33.312476939260435 0.16254168533734548
2458743.376559741 34.678759550962134 0.10480474157009637
2458743.636618815 34.96638111777052 0.38128981211277074
2458743.859968267 35.181892904593965 1.0210758310188512
2458744.0158634284 35.314367264171494 0.9837397696284822
