docs/examples/data.ecsv
# %ECSV 0.9
# ---
# datatype:
# - {name: bjd, datatype: float64}
# - {name: rv, unit: km / s, datatype: float64}
# - {name: rv_err, unit: km / s, datatype: float64}
# meta: !!omap
# - t0: !astropy.time.Time {format: mjd, in_subfmt: '*', jd1: 2458499.0, jd2: 0.4826435815630248, out_subfmt: '*', precision: 3, scale: tcb}
# - __serialized_columns__:
#     rv:
#       __class__: astropy.units.quantity.Quantity
#       unit: !astropy.units.Unit {unit: km / s}
#       value: !astropy.table.SerializedColumn {name: rv}
#     rv_err:
#       __class__: astropy.units.quantity.Quantity
#       unit: !astropy.units.Unit {unit: km / s}
#       value: !astropy.table.SerializedColumn {name: rv_err}
# schema: astropy-2.0
bjd rv rv_err
2458499.4826435815 -29.684593027334767 0.1622280779819443
2458500.667488083 -29.35132588857959 0.5990933219189466
2458500.775292347 -29.323486155559465 2.070425499835036
2458501.110038066 -29.239677085993915 1.2916740263029634
2458501.6355420356 -29.116142133823487 1.1105129094714745
2458503.100816798 -28.823208672716216 1.131686476036794
2458503.365617467 -28.77829671209779 0.346127995132884
2458504.301179759 -28.639052123548932 0.27566889562663927
2458505.1746641025 -28.536073452297327 1.6369738176988244
2458505.432898179 -28.51056389169131 1.6412324382359558
2458506.839767157 -28.41045186299995 1.9980597805449918
2458507.5325053227 -28.384863423228925 2.343477719459165
2458508.1173512293 -28.375179661371014 0.5848083949239272
2458509.0275219698 -28.381416429949326 0.5652940860700137
2458510.069706091 -28.41971075360719 1.5755883772169867
2458510.3560219095 -28.435936590008275 0.94394327375351
2458511.533084157 -28.527872346199885 1.129666671267689
2458513.0791877834 -28.708514326954646 1.5620286820583407
2458514.3607458 -28.907736811143028 2.162758426217812
2458514.7102925936 -28.969605513965675 0.3213606782126333
2458516.81543923 -29.407737034090292 0.3659101267373306
2458516.933884719 -29.435632323517034 0.13834800781412307
2458517.5025412356 -29.574215173816494 0.7369197761290518
2458519.178607908 -30.02624846564307 0.11321746086149044
2458520.197474681 -30.331530024062957 0.49934077065817045
2458520.618189456 -30.464033866029737 0.6515788098346126
2458521.276672061 -30.678757477766453 0.26903691737717694
2458521.410569099 -30.723494788498314 0.7695731214070861
2458522.2302731387 -31.005091511318287 0.11110929063775209
2458522.346290759 -31.04600081219236 0.11376856575989804
2458523.2356828004 -31.368015571180475 1.713566017917901
2458524.7384860017 -31.944336498169527 0.34696523524443984
2458525.2442276236 -32.146851480737354 0.1550924901337629
2458526.0451745554 -32.47582822582151 0.6072463178803581
2458526.6059358604 -32.71187824373555 1.4288621419571155
2458527.477948806 -33.08770757309972 0.21073251060630024
2458527.541414453 -33.11545657449046 0.8596778037703807
2458528.05005171 -33.33968749454419 0.13428305017872172
2458531.6743328716 -35.01532128745652 0.11954256818987989
2458532.136164453 -35.23606684678809 0.626659961021691
2458532.470992316 -35.39673418952492 0.6470721116118113
2458533.400464107 -35.84473626256428 0.9039509223799482
2458537.1255121543 -37.63248882523227 1.2278264946967732
2458537.222244763 -37.677906022716584 2.9092304141408167
2458537.317617568 -37.7225967926824 0.5949089771403696
2458539.158475303 -38.56380631143716 0.3050947323982146
2458539.399905931 -38.670441135567316 1.5587601417865096
2458540.29933474 -39.058193452478505 0.2548287224141377
2458540.9417245723 -39.32475970326602 0.4554672250567166
2458542.0452720285 -39.75893206694501 0.131124719453782
2458542.4150204067 -39.89685470558531 0.10915059692325473
2458542.754431984 -40.01980503810492 2.7795380397806855
2458543.1439634683 -40.15636596965501 1.7946104022860014
2458543.1560302326 -40.160516053836986 1.10652520036699
2458545.186239045 -40.78255470072084 0.410609900391482
2458545.359433129 -40.82797747622895 0.1819455675833988
2458545.9991470603 -40.984257185897725 0.171654646586193
2458546.2234247355 -41.03462163833377 0.23733639819423244
2458549.1881972863 -41.46071867675669 0.6665611492545556
2458551.4749104152 -41.44993550696517 1.1800322701533124
2458551.9808864635 -41.40461070228587 0.9779036453890635
2458552.5020702993 -41.34138003343591 0.26296675390648977
2458552.839010323 -41.29156251078654 2.7058138846529687
2458553.04102699 -41.25833376955466 1.2789258780023824
2458555.019267156 -40.80185237809263 0.6784706711439533
2458555.1101992745 -40.775278620423 0.8271439915766671
2458555.5606613522 -40.63664574817752 0.4259906761834297
2458556.096811341 -40.45678917335992 0.2352862154713618
2458556.1443262035 -40.44008813841254 0.341947173284511
2458556.597135036 -40.27486017806123 1.3701533146934661
2458557.838394646 -39.76828601555566 0.10509697911604488
2458558.4212836977 -39.50525193327513 0.14931689858790292
2458559.8630953403 -38.79441960469387 0.11722060621373583
2458560.0593420137 -38.69176203983642 0.1151047387499282
2458561.5627308865 -37.867060162849064 1.9195121967890338
2458563.0015771785 -37.029301148716016 1.136283732196757
2458564.7098019137 -36.00135414653667 0.5143523680356248
2458565.2074443265 -35.69946137167596 0.14020104186350502
2458565.245400681 -35.676438115714085 0.5462907068994238
2458566.1597359213 -35.123204319184474 0.5131066652479046
2458567.3093211884 -34.43607777790751 0.18188747953800963
2458567.655226681 -34.232274606040136 0.44748396118599093
2458567.8695341097 -34.1068622589919 0.39605646020017
2458568.4089246173 -33.79445320132157 0.8390254744921971
2458569.9139595022 -32.95223018804618 0.8966861799370751
2458570.701408216 -32.532118821151364 0.11693809501280969
2458570.788377197 -32.486687969411776 0.3646858576834565
2458572.279164407 -31.740505631110032 0.868540098394773
2458572.4497553995 -31.65925156468493 0.5684658602831815
2458573.0688898885 -31.371887899110657 1.9263480684335157
2458573.669559484 -31.104699560756305 0.9728378234911587
2458573.922716125 -30.995602188885655 0.1755503261324388
2458574.5726761953 -30.725246339439956 0.12760071887115865
2458575.1398347737 -30.500993516009096 0.9196634300100953
2458575.603415795 -30.3259023901597 0.10958900045456324
2458575.637828441 -30.313201942869938 0.7562464899216703
2458575.6540663578 -30.30722342749917 2.572440640532487
2458576.9411461228 -29.862747711385037 0.7298124483454508
2458578.5135342125 -29.399405929642455 0.38216850137903824
2458578.8446764713 -29.313054759709733 0.9224276820630612
2458579.321406086 -29.19559347553355 0.48683224503285055
2458581.22761844 -28.806263579122472 0.6583020143112089
2458582.9935030807 -28.558441924431822 2.5834330615085332
2458583.3943519015 -28.516979107741776 0.37944947536777746
2458584.603141028 -28.424351707619437 2.7655775795428905
2458585.2427196107 -28.39470746161129 2.2804783991772695
2458585.559662258 -28.384900018220897 0.19664671785425325
2458585.57542317 -28.384496102467736 0.12706968441066074
2458586.1315096077 -28.375288544620407 0.14163383089855577
2458589.6285228203 -28.534295413819134 0.1064958633016086
2458590.011865739 -28.573569672869766 0.1385684761873039
2458590.466446956 -28.625503262711213 1.0580596685378842
2458591.501207662 -28.765000848483993 0.12787421265286214
2458595.547425774 -29.578303302090834 0.300928586667151
2458597.19259897 -30.022043189392292 1.8506017412093059
2458599.462477984 -30.731328665196006 0.10836970810783865
2458599.563890878 -30.765498011545166 1.6661063664088764
2458599.7144384175 -30.816598658553698 0.2647172010106825
2458600.594804457 -31.12425777389931 0.15039979400765477
2458602.5160571774 -31.84538418483564 1.1094449254198089
2458606.2421144024 -33.412436566379164 0.8778377846124247
2458610.0214145333 -35.16744667283031 2.0711331517546987
2458614.056545584 -37.11182910535878 1.266503999838705
2458614.7740027597 -37.453223998210014 1.6040629049411015
2458615.0731414976 -37.594418263358634 0.2648816413383909
2458615.3964873212 -37.74612951014165 0.18456923648923096
2458615.881418312 -37.971637145077764 1.3363558755667901
2458617.1428096313 -38.544160189268204 1.622751834997525
2458617.1526248744 -38.54852195599568 3.060255682245406
2458618.531780207 -39.143797180148105 0.41584024245060813
2458619.0412938576 -39.353633473713046 0.3614324392148866
2458619.356316055 -39.480251406413785 1.4608964748050197
2458619.8575825617 -39.676424314978696 0.3244929834069214
2458620.9241200187 -40.06985073709741 2.489636763444467
2458621.2231409852 -40.173737538351794 1.939184484828621
2458621.8469345337 -40.380556966986816 0.4400388703055265
2458622.320630924 -40.52812610081901 1.337539454696958
2458623.4662807854 -40.848079199780635 1.354610105415595
2458624.899846484 -41.16661010197641 0.14278605779617046
2458625.734960831 -41.30577847464291 2.2585481827469045
2458626.520047174 -41.40301856480768 0.5726358830011052
2458627.4597131796 -41.47432054224622 1.7365456288455787
2458627.9333879813 -41.49094033182435 0.30204691304393566
2458629.447225539 -41.453999891581944 2.204371780613299
2458629.821868231 -41.423258278761764 0.38353280622823366
2458630.8696207255 -41.29123983159809 0.1038141320207976
2458632.5155724096 -40.94772145073382 2.2807252182241013
2458632.9258232606 -40.83675666616771 0.1370660871843356
2458634.527605022 -40.311579963017074 0.30128010663425997
2458637.802243872 -38.84076469331072 2.661294586711371
2458638.158434714 -38.65456092559934 2.666310484435462
2458639.4424908534 -37.95136314212537 0.7246976152328035
2458640.195084153 -37.52007903519415 0.8866573494379492
2458641.4390268875 -36.78545580627764 0.4706177281115183
2458641.700217918 -36.62876298376456 0.2753063049557407
2458642.172949835 -36.343767602052445 0.3111693538579273
2458642.708669225 -36.019367652876966 1.0204169972606616
2458643.447053298 -35.57148360955241 1.3445030574322263
2458645.3878346267 -34.406553848541904 1.539460554878992
2458647.2231835225 -33.348861321676004 1.52906945975669
2458647.4964094516 -33.19685284173631 0.1370279481192317
2458647.682654296 -33.09417624216977 0.5516078741415413
2458647.7534182305 -33.05536983897573 0.12199390691500443
2458647.782902322 -33.03923491868236 0.6672572841517362
2458648.4572331742 -32.675871406179304 0.4595108305606213
2458648.725743562 -32.53433717099206 2.1456371208580736
2458649.773083993 -32.00080449092225 0.3360257188409839
2458650.508381008 -31.6450286386832 0.14983060206224158
2458650.5784909683 -31.611956201277778 0.163865498340798
2458651.5524287517 -31.168440731558242 1.3876052923389603
2458652.097464686 -30.933570282237998 0.8459157185715536
2458653.4204312204 -30.4048836643117 0.14180254133345482
2458653.9754844503 -30.200980624910898 0.13370886712424299
2458654.5696497955 -29.994656972104178 1.1257804361057353
2458654.79893319 -29.918365589959258 0.12857144044918276
2458656.8199774018 -29.326682574132896 1.709188999268665
2458658.0907853395 -29.029073314036452 1.1464717048785804
2458659.6518245125 -28.74141096286359 0.13244121948240395
2458661.2213017545 -28.537158774984025 0.13404683712361026
2458661.4454293726 -28.514811241526793 3.0196691893244796
2458662.4132799534 -28.43752297409226 0.36425556341098925
2458664.0493430262 -28.37634297088382 0.3597188701029345
2458664.947854133 -28.37884175714211 1.6565301734005138
2458665.232323047 -28.384839016664838 2.635559747880405
2458666.1936296606 -28.423277574167447 3.0130170949367554
2458666.443063416 -28.437770889080713 1.349171870750677
2458668.5983674326 -28.63811411248945 0.36676626134928464
2458669.4185016435 -28.748600203033355 0.13342925926818278
2458669.9476921484 -28.829559963339214 1.4646045327716914
2458670.132811684 -28.85964289262575 0.6880284149964193
2458670.273031441 -28.88303169157666 0.43284560670058975
2458674.2256219145 -29.746146711675546 2.2883980954274956
2458676.346376139 -30.36011266056992 0.1468237200269904
2458677.571559749 -30.75843823417435 0.5481982646655378
2458677.766919899 -30.824755398968975 0.10399931221238003
2458679.9550512973 -31.61714308228305 0.5046507964373734
2458680.0260183 -31.644299898093 0.12146605133971261
2458680.254116719 -31.73217596517418 0.15073943197385675
2458680.930168935 -31.997804453719652 0.1500684407623335
2458682.0403725468 -32.45003532402231 0.9414894399097574
2458683.2811241355 -32.977190872325814 1.3154287176954829
2458685.536620143 -33.985951915307226 0.749985984734203
2458687.2655017134 -34.79380697909586 2.774973388754255
2458687.610800657 -34.95782894572944 0.3650109299884835
2458688.4928539717 -35.37978182861288 0.26826754160694677
2458688.6520847906 -35.456324895276616 2.008624206917046
2458688.7169191735 -35.487517598296975 0.21646802650004515
2458690.370519508 -36.286138620843104 2.785055211652879
2458690.7826910308 -36.48535189342005 0.10428736923511363
2458690.968219348 -36.574931692757104 2.8498253154778888
2458693.478260421 -37.7709927830743 0.11607531420275213
2458694.345578832 -38.171841093257115 2.1712741931163624
2458695.0150300004 -38.474467172263395 0.6188019357932043
2458698.273717393 -39.823333115180034 3.086364352146627
2458698.721584478 -39.98755709397182 0.12903123293078958
2458699.159976458 -40.142182928978556 0.6773005473922404
2458700.967382218 -40.70752594137217 2.8441585538411145
2458701.5228307922 -40.85519898688114 0.6090413315062603
2458702.242110643 -41.02615260379075 0.8792208069363883
2458703.4791236203 -41.26241937443794 1.1056636540589733
2458704.855258137 -41.431793159948384 0.4806307990447864
2458707.1369082457 -41.474370562660646 0.873649273549263
2458707.1664775587 -41.47287353471094 0.7524392950762216
2458708.2980040633 -41.375170864956715 2.2476931173742076
2458708.4179597255 -41.36017721347715 0.11699561118387489
2458708.9489485226 -41.28312156536005 0.2639032777986207
2458709.244821051 -41.23263787166816 2.6645092123083245
2458709.4833450434 -41.18802306461274 2.164689825310103
2458709.508040619 -41.1832047565486 0.48248645879795754
2458709.8213481037 -41.118844519979774 0.8515279287652887
2458710.2576531363 -41.01930078761908 0.2606584296323986
2458711.9309954233 -40.5335130713345 0.19150571529792254
2458712.0947177946 -40.47743900506885 0.496075304246192
2458712.3415649584 -40.390136546624746 0.33886626981571744
2458713.6393334162 -39.87899916313811 0.7507306857022071
2458715.2802379862 -39.11982361715598 0.13079825662973255
2458715.9402153464 -38.7840295809417 2.89462435242712
2458716.7887630463 -38.330806630333775 3.015199946387048
2458717.111588265 -38.15279200980397 1.1149170859913946
2458718.623108277 -37.2866941764803 0.637007505652336
2458718.7577577955 -37.207429548055316 0.2912670950722431
2458719.4059301126 -36.82235459323493 1.6622354094993497
2458719.630568786 -36.68776202385325 1.0643801308506622
2458720.2043408738 -36.34206392845153 0.17535792950763499
2458721.6031981264 -35.49417027664271 2.3248277278222655
2458722.783701719 -34.782784180101 1.7131913162015466
2458724.777811944 -33.61622012726487 2.658886934423938
2458725.052320089 -33.460813611954414 1.2262506838473517
2458725.523313664 -33.1977759287987 0.8319989800797304
2458725.762733254 -33.06591900070617 0.423998728711323
2458726.448559639 -32.695649664419705 2.5066443827125173
2458726.5246900264 -32.65526042672171 1.991112662409306
2458726.9629524658 -32.4256620447083 0.11690363226537223
2458727.250520226 -32.27778807555768 0.10953438186701013
2458730.2093401724 -30.8985367053014 0.36702449545481763
2458730.498783067 -30.778612649085876 1.6437281627034088
2458731.240112296 -30.484389349486083 3.0263154426980714
