docs/examples/data.ecsv
# %ECSV 0.9
# ---
# datatype:
# - {name: bjd, datatype: float64}
# - {name: rv, unit: km / s, datatype: float64}
# - {name: rv_err, unit: km / s, datatype: float64}
# meta: !!omap
# - t0: !astropy.time.Time {format: mjd, in_subfmt: '*', jd1: 2458512.0, jd2: 0.3598064553225413, out_subfmt: '*', precision: 3, scale: tcb}
# - __serialized_columns__:
#     rv:
#       __class__: astropy.units.quantity.Quantity
#       unit: !astropy.units.Unit {unit: km / s}
#       value: !astropy.table.SerializedColumn {name: rv}
#     rv_err:
#       __class__: astropy.units.quantity.Quantity
#       unit: !astropy.units.Unit {unit: km / s}
#       value: !astropy.table.SerializedColumn {name: rv_err}
# schema: astropy-2.0
bjd rv rv_err
2458512.359806455 -12.071397098910307 3.0870942699366886
2458512.7746735318 -12.668328353091933 0.22630471074546044
2458513.2156666145 -13.298439362961679 0.36428247074758047
2458513.505969381 -13.70971562586245 0.20941986358707687
2458514.8491353556 -15.555309431855473 0.14393579111585653
2458516.25562923 -17.328340858571956 0.22321309968283748
2458516.8849163954 -18.04578223835459 0.2824328466081089
2458517.329130209 -18.5174744435473 0.8946710856245771
2458519.0306859617 -20.00289462057171 0.26415094710759357
2458519.0875701127 -20.042592648723648 0.3494742177622972
2458519.6660354836 -20.40550710384126 0.1020737959134718
2458519.857335173 -20.508648515018425 0.35365409312664403
2458519.937296686 -20.549197922223932 0.632162853292516
2458521.5702974317 -21.028252572785185 0.17499424065171984
2458522.665555178 -20.95597228709674 0.7873170608618623
2458522.7696077474 -20.932188434579174 0.2752508716461038
2458524.5753976554 -20.058087108318432 0.8873107480823931
2458524.6088624313 -20.03388425399195 0.10946994701413423
2458524.981477074 -19.745689732556734 2.144816740517783
2458525.199848294 -19.561149647060788 0.10572506130233841
2458525.46363674 -19.32326793806854 0.15503760347137419
2458526.450184699 -18.29725308764187 1.464683173526923
2458526.5749810245 -18.153145264180907 0.11717712773471835
2458526.763545068 -17.92974166585466 1.1654617920737897
2458527.1035382473 -17.510432913847637 2.861338317687929
2458527.131762584 -17.474706280872667 2.030132574409546
2458527.3363578296 -17.211694328535277 1.1620972593994165
2458528.200195988 -16.029721008975038 2.740088654854402
2458528.705374938 -15.29226140132475 0.441285855058663
2458529.551709148 -13.997702184434361 2.0385359347666463
2458530.203970628 -12.96288689175213 0.34192944547786136
2458530.9772394197 -11.710843343268621 2.4811069162163357
2458531.150974645 -11.4274405820798 0.1671731340362546
2458531.226475268 -11.304158939549346 2.5706533853500972
2458532.212323907 -9.69505237089654 1.7744930222184592
2458532.5617041495 -9.128680909340956 1.858156364793599
2458533.7224123194 -7.283426867681276 0.15342089604471373
2458535.68432215 -4.377823978865912 0.7847482348621903
2458535.9842080907 -3.964995565490236 0.1058251082309093
2458536.8931169626 -2.773211659704195 1.207192556895155
2458537.218670259 -2.369265475643947 0.10270847269671717
2458537.9701156635 -1.4855988946571683 0.13403969043736094
2458538.764015276 -0.628687256531042 0.21789517610292958
2458539.4384554783 0.03533180584628415 2.0544084884022973
2458540.3918067683 0.8713898589715203 0.3510463622529535
2458540.5249820403 0.9785123988436322 0.6455648903112255
2458541.2059185114 1.4889671721834379 0.7114670978634645
2458541.839193946 1.907623539983211 0.21786879954725927
2458542.3355416497 2.1979872512959133 0.7214731146856636
2458543.443145437 2.7267605717699883 0.9804550607790756
2458543.9282810343 2.9068809419249337 0.2801354625635416
2458544.1679455764 2.9843779637720225 0.4245611866425891
2458544.405644772 3.0537727322926393 0.47822622336821385
2458544.5001660665 3.079307446048267 2.503375469701798
2458547.5892054047 3.2819002569458053 0.7607476530680188
2458548.8758459673 3.015531223510317 2.6447130452920082
2458549.1305160685 2.93919998531973 0.6824206037549169
2458549.532716335 2.8030118913246564 0.5634328072911791
2458549.660775613 2.7556571582811955 0.10122745458864225
2458549.966476115 2.634871649362747 0.5264214363356304
2458551.014266714 2.1391658339630606 2.4614017092450444
2458552.1080045747 1.4898204720011776 0.19840313651232663
2458553.5531751593 0.432737966478836 0.11971172850617773
2458556.5829287926 -2.467305432879482 0.40753821620198194
2458557.5016638273 -3.5127694122649924 0.36190511468472497
2458557.690669763 -3.7364904143624553 1.9307657525546051
2458558.176325618 -4.324181301311516 0.10962678386432706
2458558.9612915698 -5.31097120894529 2.400069647358421
2458559.2968123145 -5.74569260135652 1.0503994809876083
2458559.396712065 -5.876532506862716 2.27163729981876
2458559.6593437665 -6.223452099192317 0.8152552537870056
2458560.5531802103 -7.4335307978141065 1.6516954356900728
2458560.7704441943 -7.733807132277468 0.31865138489202766
2458561.2518122625 -8.406395834401913 0.334463971248012
2458561.3286078544 -8.514544246925126 0.3844247543259838
2458561.5571719846 -8.837655386631656 1.3557999774782348
2458561.951112321 -9.398405755729033 0.3580442978684439
2458562.053238005 -9.544466101311869 0.2308499100886955
2458562.20422676 -9.760857675407191 2.5497789720427724
2458564.3815273815 -12.89940966500889 2.301529922006648
2458564.62915486 -13.252793730424237 0.3335769044207917
2458565.1168230437 -13.942321509567192 0.895276336085155
2458565.2608531923 -14.143982403637846 0.25749174917856155
2458565.3247767426 -14.233150583089351 0.20378522491823628
2458565.367682027 -14.29287971741705 0.3195282740134858
2458567.0358554255 -16.515311336132378 0.3094922931894261
2458567.290540361 -16.832542665049175 2.105785601316979
2458567.5193755687 -17.111321957271983 1.7118106424358703
2458568.1970818443 -17.898294433971053 1.1599381776743065
2458570.26471114 -19.849181386039593 2.748007020379741
2458570.8512404156 -20.251488508548476 0.43034328397076027
2458571.7544129863 -20.717374525335583 0.23310390976090292
2458572.389163325 -20.925211542319552 0.1500022093690784
2458572.8779390934 -21.014469630087156 0.2828655363543165
2458573.22558808 -21.03947518339474 0.1651564734686154
2458573.7926522787 -21.01048700270961 0.13749254347461673
2458573.8144795946 -21.007630317934762 0.8024136262122297
2458573.9210662036 -20.991821762208566 0.35178812448140506
2458573.9986076546 -20.97838143339836 0.7028384525666294
2458575.7180847046 -20.26429563635518 0.1936437931250965
2458575.880051494 -20.156918606886858 1.0359976957974721
2458576.3827244625 -19.781752389517663 0.21050294247367662
2458576.721647762 -19.494072785890815 0.26123742278531126
2458576.763141171 -19.456988300193753 1.2961063346580992
2458577.845936777 -18.353931746664706 0.6912049560885554
2458578.081057849 -18.08219667303794 0.31787371627540467
2458578.086830645 -18.0753907675509 0.6523537658993352
2458578.161469854 -17.986826402075167 1.098947775590902
2458578.469520973 -17.610435731237487 2.3345231355004286
2458578.8577532438 -17.112465562533416 0.7431386002357696
2458579.29582404 -16.52161228501196 0.223372429768391
2458579.992378342 -15.526960835071502 1.318397728705658
2458580.047609328 -15.445531951574125 1.4677548574751984
2458580.318567815 -15.041218918774796 0.1998029851237611
2458580.7877244633 -14.32408944219658 1.7016150949441264
2458581.909565491 -12.544143863045033 0.49819834682927494
2458582.9552750364 -10.84134856109858 1.4779168244756098
2458583.649290861 -9.709045613092995 0.22710010236766248
2458583.918448444 -9.27233605382646 0.3154063296283392
2458584.587474858 -8.197886307327733 2.6949187680315876
2458585.3476493005 -7.0045963447737964 0.9698902861712383
2458586.585259929 -5.150642041247336 1.4431675189953628
2458586.599825306 -5.129603528129778 1.0778579140540037
2458586.90973171 -4.686739250768801 0.20251452457703706
2458587.1991407187 -4.281675041315747 0.5081982002238528
2458588.5535464277 -2.5052159086907 1.6347291581526293
2458589.811634296 -1.048189322308902 1.0293254015423583
2458589.8478145963 -1.0092109517651888 0.10210378188352773
2458589.8702296894 -0.9851461521411071 0.13524200914244394
2458591.1367171677 0.2687103573436893 0.331277606971107
2458591.5543240523 0.6358110095511265 2.6094459726863337
2458592.4168250556 1.3201020449793077 0.5454886535455962
2458592.5354372053 1.406382208560366 0.25425201363192396
2458592.616469203 1.4642361254705474 0.34724466271024923
2458592.851509574 1.6270396009639398 0.20700409713601708
2458594.397703391 2.5125946605002145 0.42835129652741794
2458594.4403332397 2.532463935641122 0.21235043712406057
2458595.6252125986 2.98796552638278 1.8562170647633653
2458596.1084568095 3.120526468370917 0.48351048755829007
2458596.4838161706 3.202443740131356 0.26284700186652
2458596.8998410176 3.271892461589511 2.5080574033072516
2458597.490819996 3.332300015074294 0.29616042896039035
2458597.610793541 3.3391218366343285 2.3151119306788517
2458597.7477318086 3.3446767831495396 0.11617886689911988
2458597.9215002838 3.348311360272742 1.1499331407558293
2458598.2922082446 3.3433618223896158 0.5319043701915084
2458599.1307484168 3.2689839426438407 0.46380090528206763
2458599.4611315127 3.2158909382307694 0.11336657251477024
2458599.659139092 3.1776936039851353 0.11508660684568423
2458600.177977514 3.0551216561028056 0.3155952264113804
2458600.7109371065 2.8956665652882965 2.634385394234804
2458600.9142226726 2.825981398366965 0.8442867345281596
2458600.9589357944 2.8100015237351617 0.35752981363518777
2458601.651543901 2.5326668843961695 0.8278765069463361
2458602.2108588 2.268302811892198 0.20379677370217084
2458602.2873525117 2.2293749664945945 0.176847801105105
2458602.791333631 1.9563988445860954 0.34892002771249575
2458603.9087876813 1.2506690098150681 1.9725591150011068
2458604.1024745395 1.114530110252721 0.5809016245487617
2458605.0696546864 0.37521447705729116 0.27883820227124223
2458605.4341302062 0.07137764433241944 2.6630384537061653
2458606.663172526 -1.051351823263908 1.6747467146189103
2458606.951938862 -1.3364444106302447 0.3051131419923339
2458608.658660092 -3.1767684567266308 2.8717548806697613
2458608.8053649105 -3.346730572003782 3.0270991543075207
2458609.022340676 -3.6013250542851507 0.41019484728282346
2458609.1673570564 -3.7735916703581083 0.9635730711669253
2458609.74259345 -4.473016090018323 0.4059567786902223
2458610.271171212 -5.137287132730803 0.24323281083643405
2458610.5025838176 -5.43423557125408 0.13303901292448583
2458612.794485247 -8.543173550270472 0.24855100251410314
2458613.197999361 -9.11502468677716 0.2553993456658523
2458614.402288186 -10.845091378793441 0.3962402778645874
2458614.4634779645 -10.933523755348958 0.1893777910552662
2458614.9740411495 -11.671609888012863 2.6960479064552962
2458615.0340806884 -11.75835045543381 0.14266578423979484
2458615.244454731 -12.062024434391873 0.8665882570510884
2458615.5159943122 -12.453117871646647 0.45977577177781226
2458615.659502107 -12.659262733331387 0.4317944674634475
2458616.4891033573 -13.839323494301535 0.3613996056934974
2458617.509533751 -15.246682438387952 2.006652013757452
2458618.0541838454 -15.968111016943757 0.26346047529133054
2458619.114795081 -17.290468454423397 0.10736537271797392
2458619.1562340017 -17.339516350940592 2.3831178737064413
2458619.7055543945 -17.968154677186146 1.9802517983375476
2458619.8262055013 -18.100540662901302 0.2602271977555218
2458620.3699039165 -18.66928024733749 0.6098616472769417
2458621.160841912 -19.406859105449 0.14575796487519843
2458621.73783978 -19.869740228388643 0.13808312373218917
2458622.8033619476 -20.53664276495651 1.8038447744924144
2458623.1361562354 -20.690879856791213 0.412475897659065
2458623.8593503814 -20.931198815267344 0.9830481954371525
2458624.0095162494 -20.96431745277083 2.598967434282652
2458624.1698669605 -20.993174538249924 0.2331824641268831
2458624.8789489013 -21.03894261370064 0.10465012391938919
2458625.1912227846 -21.01619938493026 0.10869826414299956
2458626.259598665 -20.738297933278723 1.1589869305111469
2458626.8563795867 -20.449472167678785 2.4368445579891596
2458627.3068118207 -20.169733474530112 0.502337279803135
2458628.223007883 -19.444120931039933 0.3653118180733516
2458628.366076242 -19.31272580489044 0.6520646204571082
2458628.6565382634 -19.031691072856034 1.9425636436580542
2458630.0489368546 -17.44163926944124 0.9511101375442362
2458630.2241133032 -17.216110716967783 0.22359899387122492
2458630.4422302623 -16.928297482058184 1.4516780387131263
2458631.1060698302 -16.00866203018741 0.15919163601122743
2458632.8964685565 -13.280677323280878 0.17714951028213402
2458634.006031617 -11.486347157687051 0.8298955277556426
2458634.640684013 -10.449450926107883 0.22812617001252689
2458635.651131068 -8.809018692041844 1.1406904913347138
2458635.6629227023 -8.790055494969312 0.3344088721257162
2458636.9047083976 -6.832681601726346 0.26069694387801134
2458637.0316352504 -6.638034823668884 3.150486398285886
2458637.054341762 -6.603337942590979 0.1150599515560903
2458637.6263350775 -5.7426011343458985 0.9305372920485233
2458638.120112982 -5.021996959027428 0.1143008282800886
2458639.1480588797 -3.5978276675981027 1.3813870708077045
2458639.894537347 -2.6349882309537307 0.22137824298152425
2458640.3223331207 -2.1123746518289277 0.1363790938793643
2458641.885874209 -0.3948502359183088 0.9390194065857601
2458642.260395279 -0.030059009782520185 1.2557460650255374
2458642.364177574 0.06776379068865612 1.040262570214455
2458642.856597984 0.5124618468770521 0.11963311766787213
2458643.0068029133 0.6416858144607822 0.276350604130842
2458643.4583256147 1.011957571436895 0.4749331885378565
2458644.233202986 1.5835293731100748 0.26955968151970966
2458644.9950998225 2.06663406640404 1.64350180128138
2458645.9320434695 2.5536941017917414 0.1572796947946271
2458645.994489154 2.581976032139311 0.8284552272657801
2458646.0631226297 2.6124599667138444 3.036144347860529
2458647.474946183 3.1009254895588647 2.2585765146157093
2458648.9982472393 3.3360454189447992 0.215394988096237
2458649.388713962 3.3484971909659436 0.10002828697979163
2458650.2425618838 3.309018030494931 2.9573042886721437
2458650.4878221923 3.2809355111492042 2.1089655085234664
2458651.557851773 3.0724329561038726 2.3944661366986244
2458652.0872580623 2.9182923888150256 0.42000583723328927
2458652.786416372 2.66397783910036 1.3089504092657704
2458653.86070388 2.162871071029329 0.20856779408501516
2458654.1022616657 2.032120630951077 0.38766456595927046
2458655.1417228575 1.395474632731002 1.893747519887479
2458655.518935692 1.1352495253544 0.1553883074922924
2458655.520118 1.1344098348131002 2.1917855117523892
2458656.1911598593 0.6338649840452337 0.5555996437068104
2458658.078369258 -1.0218229273918302 0.43565578271986893
2458660.986759568 -4.225258358587044 0.2873886300397794
2458661.679706884 -5.090098644752402 2.372865805425163
2458663.6996492073 -7.786628217338271 0.5976338543827031
2458663.7277384587 -7.825654438696906 1.607087608633839
2458664.1533082067 -8.420957467450013 1.9340944599001693
2458664.1701734615 -8.44469603403642 2.418652813662541
2458664.4678736734 -8.865380663126986 0.2851485063639092
2458664.8951933216 -9.474080303461953 0.3233823264417776
2458664.8977992446 -9.47780752363514 0.7809276761188154
2458665.0041508456 -9.630059517100927 0.45918342511418003
2458665.9801723645 -11.036330638658852 2.5076319750373064
2458666.0925056282 -11.198740393686966 0.39477175963604877
