docs/examples/data.ecsv
# %ECSV 0.9
# ---
# datatype:
# - {name: bjd, datatype: float64}
# - {name: rv, unit: km / s, datatype: float64}
# - {name: rv_err, unit: km / s, datatype: float64}
# meta: !!omap
# - t_ref: !astropy.time.Time {format: mjd, in_subfmt: '*', jd1: 2458512.0, jd2: -0.20488644755096175, out_subfmt: '*', precision: 3,
#     scale: tcb}
# - __serialized_columns__:
#     rv:
#       __class__: astropy.units.quantity.Quantity
#       unit: !astropy.units.Unit {unit: km / s}
#       value: !astropy.table.SerializedColumn {name: rv}
#     rv_err:
#       __class__: astropy.units.quantity.Quantity
#       unit: !astropy.units.Unit {unit: km / s}
#       value: !astropy.table.SerializedColumn {name: rv_err}
# schema: astropy-2.0
bjd rv rv_err
2458511.7951135524 37.63538635612137 0.22341820389458492
2458512.1973919393 37.794388800166274 0.48399198155187484
2458512.5399584738 37.9124751984127 0.1671605217360056
2458512.8695262037 38.01019743708635 0.11470700018223313
2458513.6255345265 38.17142772241421 0.3371802798016645
2458513.6787027447 38.1793017494875 1.338474665902923
2458513.7290753396 38.186327076256646 2.1551502385179004
2458514.6069552493 38.23842353393525 0.22387028602056924
2458515.2999124355 38.180764019786515 2.608888611051979
2458515.374372337 38.169159582948865 0.13147929534874903
2458515.626131753 38.12199047194763 0.13105006526306565
2458515.9115815205 38.05355539126889 1.1430648800333527
2458516.1373007107 37.98807961580226 0.12638754213716372
2458516.6617032117 37.79690986997475 2.8574003324529063
2458519.904824091 35.45113391641817 0.257818878799462
2458520.095701421 35.25828342333601 0.15598603609819855
2458520.6915558754 34.62656963313482 1.4212867171701629
2458520.8352296217 34.46818064751871 0.4302058307838804
2458521.6052562613 33.58674837244351 2.2393041165074066
2458521.88827662 33.25171204066023 0.5478829820558546
2458521.9608255355 33.16509837166233 0.10279581688342261
2458522.3325251793 32.71761710910887 0.1757983055626769
2458522.979423407 31.929742318746257 0.14095428238633567
2458525.212076863 29.282912494390168 0.18707865561107262
2458525.4250065605 29.04764793248382 0.2545963976014491
2458526.726917548 27.716276983566384 0.1297381350371654
2458527.9426433467 26.67184008614556 2.0815560120336163
2458528.0039909477 26.624804823998183 1.0231497648292653
2458528.8550834605 26.031260898832237 0.46341063581672076
2458529.1186102657 25.870124423702947 2.2287942207115714
2458529.205223191 25.819524297942948 0.8269925924539391
2458529.8809215585 25.464940800137423 1.053374187966504
2458530.090803717 25.36927180653545 1.1721099226570535
2458530.134139603 25.350369165926114 0.4562427566440821
2458530.134691676 25.350130233090983 0.27526206257462377
2458530.644092005 25.149679158674587 2.1386409008999814
2458530.9584806263 25.045749974977237 0.35779108981157376
2458531.0544676706 25.01699431463352 0.4520550475014811
2458531.1849017097 24.98013262014708 0.25966306391147265
2458532.133611955 24.78725294013038 0.676810195445213
2458532.3559681317 24.76071144460364 0.6415262738208175
2458532.7750877053 24.7293018511864 0.4442226291335937
2458533.7523140265 24.74684825619526 0.3387800439645821
2458534.179651081 24.792524602860396 0.6495530357097828
2458534.4472189583 24.83233186692637 0.37418546430662336
2458534.4616757273 24.834723108557945 1.4745125856500165
2458534.57294269 24.853942179915343 0.16987063691333779
2458535.1062234063 24.96565728354451 1.2041835223899529
2458535.364269518 25.031018770915146 0.20559001389326279
2458537.9858829523 26.066212592808842 2.500559542743992
2458538.331549126 26.247317169517597 0.3779963174623941
2458538.668001884 26.4322941138862 0.3059639246186404
2458538.7130355756 26.45768390333857 2.246283118785033
2458538.82726244 26.522738038596252 0.11777799029988209
2458539.3811393795 26.85105444859142 2.927199921278786
2458539.415960697 26.872385581204686 2.4718976014731795
2458539.4911145433 26.9186937314235 0.9929856568136601
2458540.716614934 27.722574573345764 0.7151567282886854
2458540.723064148 27.727032230793686 0.6116870301936291
2458540.8206339017 27.794741797905086 0.13339042359994682
2458540.8579934235 27.820800847243408 0.13682743854283835
2458541.0772961485 27.975224608224295 1.0863447718461388
2458541.121880845 28.006918244987197 2.7349633825095236
2458541.880405759 28.560682744215686 0.5826046016920249
2458542.0969222724 28.723478125698442 0.10035237920729409
2458542.6187597695 29.123613881997606 1.7509062458140376
2458542.7214284437 29.203552250190114 1.76112684962545
2458542.772975497 29.243829567883832 0.3197185504113186
2458544.366087825 30.52871243664606 1.0464728059481498
2458544.902084453 30.974626244867988 0.1630705266305978
2458545.243083203 31.26070878491114 0.17573447451801208
2458545.301802088 31.310122846250522 1.167209479848952
2458545.3339542365 31.33719678323974 0.5819569446018467
2458545.4436923917 31.42968646757187 0.7645192138070683
2458545.6898913775 31.63760219294733 0.6103216468817618
2458545.856581011 31.778634673531748 2.574550616215446
2458546.1974915667 32.06750128805181 1.5241870572606315
2458546.770303743 32.553135634552504 2.2319530840165
2458546.9335481036 32.69135410175073 0.27379175845475445
2458547.1001992957 32.83227809610074 2.9472428888211595
2458548.739866051 34.19709294966671 1.6910896872089258
2458548.87038594 34.303057925709766 0.1410422831020223
2458549.094597208 34.48379719752555 0.1351015739531875
2458549.6615879387 34.932539951662115 0.19376777695228434
2458550.0870243954 35.26008955520981 0.3195670255134891
2458550.28416869 35.408816354037995 0.21338142093369603
2458550.9575470984 35.90005764537306 0.11960799710854207
2458551.3440377475 36.1687713434041 0.4650714656398719
2458551.457620365 36.24570153386527 0.24760977756060598
2458551.668151446 36.38569140890009 0.49431626756089414
2458551.8872192274 36.52760101157714 1.4970324442130165
2458552.119522199 36.67367105141511 0.30384983729086273
2458553.343705049 37.35824481743809 0.1149355776040928
2458554.157271688 37.72078292302159 1.7856936732699211
2458554.478539183 37.84053538034509 0.5438482807033748
2458554.982222368 37.99915301027728 0.23239313128588251
2458555.9511024794 38.195282416927185 2.468231957604805
2458556.9639741285 38.230761504718 1.2670465735636296
2458557.364910584 38.19308723122357 0.4290974625704362
2458558.007952889 38.06836286246205 0.33165427674446596
2458558.6671129093 37.85618846670452 0.12781378122908615
2458558.670031597 37.85505695606132 0.2682121554224838
2458559.9843785786 37.174003891584 1.1850703888319583
2458561.21007865 36.24299633740116 0.12985309701614323
2458561.5982932933 35.894015915425264 0.3670429816577177
2458561.8922199663 35.61419897013813 0.7715379885696934
2458562.44906581 35.05051189330296 1.2880561209959978
2458563.1304501933 34.3091446370546 1.3008696034572902
2458563.4649259015 33.92814944018391 0.27473362450584543
2458563.5589009146 33.81941134802707 0.31179101270895127
2458564.753893603 32.391450194749936 0.17219581821825913
2458565.1345074004 31.927002014438074 1.2414572290814219
2458565.460461512 31.529043638324556 0.2501522105202238
2458565.8306855797 31.078960791318927 0.5255753785563327
2458566.0213195374 30.84872284672518 2.2366022664001677
2458566.1508215494 30.693115784011074 0.10224532121251691
2458566.2781605255 30.540842970680185 1.9277033006421684
2458566.8458072143 29.87316037462867 1.2875771420944915
2458567.113176119 29.566376428668043 0.9283859768023894
2458567.3598506446 29.288562675589226 0.4079583845132085
2458567.6027899208 29.02037460709473 0.8630334769827732
2458569.686046281 27.000033601768962 2.647861896916208
2458569.730383666 26.963307719247123 0.1389710023048171
2458569.84148702 26.872534875042053 0.12637405395923684
2458570.058896495 26.700159546248017 0.32414964704313437
2458570.1874520415 26.60153914332664 0.14275286554365627
2458570.2244934235 26.573582929154988 2.3803178384024384
2458570.7423330545 26.20455749959222 1.5172855479287055
2458570.7705419404 26.18563413148256 0.17283331504031468
2458571.0172255393 26.0253897675659 0.3634464008050491
2458571.022812415 26.02186970477842 0.41984302025602
2458571.1485215756 25.943947130574863 2.7016828276438933
2458571.373926399 25.81038398699036 0.31176663081514633
2458573.208608696 25.016614280425003 0.5251855657916831
2458573.555412109 24.924257313363764 0.6215030487050776
2458573.6363293286 24.90527165051254 1.4883494469612204
2458573.75827769 24.87847375723161 2.0047811551285584
2458574.607295453 24.751160240830533 1.0142891001670458
2458574.7447718913 24.740067211333844 0.3507468888371042
2458574.9594708732 24.72790675073891 0.22058145880207508
2458575.5202305717 24.725169226133694 0.39546979403522764
2458575.76684139 24.736899980128484 0.7307294263789043
2458576.3157991534 24.79032360604769 1.413784344608477
2458576.664600299 24.84319593580483 2.7494480646949486
2458577.321499425 24.980809077760167 2.042224766757052
2458577.44164857 25.011160241436485 1.5193707483503014
2458577.798057939 25.110264845770526 2.243828377115662
2458578.4440777106 25.323156836095507 1.10681618645793
2458580.1419169893 26.067842975010283 2.61960217421659
2458580.320438804 26.160264704751942 0.5892813631176571
2458580.5231411536 26.26819201112164 0.13696624203245664
2458580.6790191904 26.353299575806943 1.242461214154429
2458581.458338464 26.804992399562195 2.646773708190422
2458582.517002403 27.482411928181474 0.1113167214457624
2458582.8236835045 27.69100122902624 0.8573125724736741
2458583.3819039958 28.083514698197 0.28651856055448477
2458584.619173907 29.005648535844447 0.40389986354060536
2458584.9887659927 29.293143484541055 2.383132770434437
2458585.2525704843 29.50127279252495 0.31738345242813737
2458585.485611641 29.687006817798178 0.8683992717746128
2458585.550582178 29.739085634380853 0.4316165838873574
2458588.953128109 32.57853331879285 2.4561121534316137
2458589.2688752552 32.84565731418336 0.3572845524654675
2458589.5520900493 33.08453313437572 0.14095138991390269
2458589.7556874095 33.25567032655153 0.42510683925578957
2458590.6493888632 33.998206275493786 0.4052085434888088
2458590.8992207763 34.202393862251064 2.1284734291803384
2458591.1628828607 34.4158358428011 0.31413876399455787
2458591.4564221804 34.65066614248212 0.27606202275888125
2458592.793054921 35.67197004299393 0.40789391022273064
2458594.248453634 36.658853867632736 1.0877137223796849
2458594.330772908 36.7096552320603 0.43000140392164243
2458594.661509989 36.9075044953399 0.6068475922305185
2458595.170485553 37.19104655852463 1.1623218898607743
2458595.2120056194 37.212987126945805 0.10969758209932548
2458596.9540171996 37.946368064868295 0.15839404518426234
2458597.7140886877 38.13444098784455 1.2236950808204705
2458598.694059555 38.23818889469797 2.2948970335496153
2458598.8110234602 38.239390362436026 1.9977481736288853
2458598.831362406 38.239347076425304 1.150281471741598
2458599.2498248946 38.221614101044516 2.97017466608847
2458599.9043666334 38.12773045227851 1.9026471642181997
2458601.267807699 37.66271794671086 1.0980673942133412
2458603.4640042316 36.15447109339607 0.9123942597198087
2458603.6215343312 36.013198260710745 1.9041337012527948
2458603.887690115 35.765627056985196 2.0904233485588994
2458604.204925004 35.456697188815184 0.2576659158284269
2458604.783394053 34.85814955453509 1.9099794864950546
2458605.394019192 34.18411742345329 0.7626235354774431
2458605.559942743 33.99470667888917 0.10006439401856808
2458605.864967669 33.64069057607246 0.1975373058549149
2458606.5938742952 32.771268518428585 1.4770569656766863
2458607.364738551 31.832464024907722 0.3260511570413087
2458607.443547457 31.736210083805314 1.8390411207098787
2458607.458327727 31.71816181666353 0.8016942788558589
2458607.753146916 31.35867851173813 3.0198293755096155
2458607.834049526 31.260296128720395 1.398882859282722
2458608.302156811 30.69492059571507 0.13790075427094659
2458608.531287327 30.421490705202377 1.8058506748302139
2458608.84721951 30.049269598277764 0.990531369267568
2458609.702732182 29.078288741807796 0.21388687352231717
2458610.100676085 28.64961764146608 0.5959456022338969
2458610.684298204 28.05268461990862 0.17399136091603062
2458611.0237629865 27.724617560479846 0.3627180055815208
2458611.7057417915 27.112027200089713 1.3097328444868137
2458612.588065033 26.41848036870156 0.4786847536851103
2458612.8156960513 26.258532382946537 0.9821711576214502
2458612.8512979904 26.234234270946395 2.2336633370302765
2458613.5528910076 25.79541633768526 1.1279442467003273
2458613.7178363446 25.703369054103824 0.1374311086127715
2458614.0152574293 25.548120925897713 0.41563316018358154
2458614.3557728645 25.38729511068919 0.2979883260701478
2458614.4936125544 25.327310167876284 0.5220090042826792
2458615.460065639 24.988529266761528 2.2144799838588387
2458616.0274894005 24.85492419961752 0.3268514922119821
2458616.215406039 24.821032722156012 1.294627047607252
2458617.40092397 24.721323463178404 0.5039819638915918
2458618.124243317 24.752459662092168 1.8054186346463887
2458619.582590718 25.00808484453209 0.22570988438055403
2458619.88120014 25.08983186396636 0.6097943888061523
2458620.3720763857 25.244331973272676 0.8865793524688304
2458620.4839499546 25.282933446898774 0.3673242403538802
2458620.6168157184 25.330369749007563 0.7002513842636655
2458621.1425666166 25.53454732364628 0.27868138162595496
2458621.2097744853 25.56249226624152 3.0278799709088293
2458621.324310234 25.611053674390313 1.0737200000321394
2458622.227921901 26.033887732374076 0.8794073265724713
2458624.25329212 27.20768557849734 2.522442566828421
2458624.3296302403 27.257266547154213 0.45815190845502335
2458625.029118305 27.72728987447476 2.9641762763192836
2458625.325566464 27.934560475217253 0.1364648947937836
2458625.539268654 28.08676009203145 3.036108524153798
2458625.5620748666 28.1031362130567 1.2009865117917156
2458627.668461853 29.71104598955161 0.7411563288591058
2458627.7730806074 29.79506029034281 0.3425546024473731
2458627.798571989 29.815579632735133 0.20166476827281782
2458627.9599760915 29.945929352130356 2.9773974520320747
2458628.2126703407 30.151416015285264 0.22533700062538536
2458628.480195208 30.370692926345793 2.0900733413764665
2458628.5599593506 30.436390124152563 0.12177864688520286
2458629.073666818 30.862591208910104 1.591829215992026
2458629.082890462 30.870287886130374 2.0154718662643663
2458629.538034037 31.251682937794833 0.23300682372018364
2458631.4067446967 32.833008060857814 2.920315439008531
2458631.439220519 32.86044439880763 0.3611990849813782
2458631.9908884 33.32473249694268 0.17279606014459417
2458632.2657493623 33.55439972968167 0.42582900028334236
2458632.357793869 33.63099698917818 2.8740112294535667
2458632.5502393283 33.79057060477975 0.1479915242733024
2458633.265320477 34.37520779709099 1.0951117382578566
2458633.3711873037 34.46044294859951 0.16000665547396625
2458634.777263851 35.5482433458863 1.066462842693139
2458635.876221915 36.32121488397856 0.17034520038873252
2458635.928955045 36.35614081211861 2.603902593414404
2458636.4556365996 36.692457645567515 2.3472898783794176
2458636.7794928127 36.88713792983214 2.996540209142504
2458637.50402638 37.2851642167502 2.077893722672471
